1000 2000
139 439
274 792
186 631
338 607
263 713
908 983
660 894
807 874
994 998
201 314
230 806
717 910
964 982
464 603
418 626
285 619
312 558
4 207
724 939
881 937
129 410
695 781
866 873
426 713
663 878
211 231
815 913
662 979
386 782
36 472
712 726
530 912
0 554
942 988
424 908
486 533
76 151
387 457
176 972
167 734
862 951
616 994
947 961
550 724
329 565
727 763
553 874
813 895
83 624
729 753
316 469
794 871
972 999
840 959
534 926
853 900
758 769
924 937
961 995
220 716
143 928
674 990
625 929
247 512
781 847
383 510
652 839
180 360
233 613
370 693
116 119
360 669
637 782
213 949
254 587
473 793
927 935
182 898
113 640
654 695
215 440
135 424
793 878
927 986
494 668
497 848
523 815
799 852
691 825
842 847
481 616
681 809
293 673
677 741
472 832
403 518
654 811
947 971
186 504
276 995
858 959
814 842
387 601
897 990
800 941
653 970
766 817
426 509
258 687
93 732
852 952
195 427
65 175
687 692
691 912
3 109
465 674
872 980
770 841
732 956
652 888
120 553
67 728
383 546
474 992
907 979
346 674
964 994
898 915
267 412
162 177
856 914
454 878
970 978
101 665
625 907
925 929
175 663
678 990
17 583
649 899
508 815
943 981
407 632
982 998
174 803
416 775
245 743
775 895
674 795
317 693
186 432
944 966
24 74
670 756
832 926
797 839
191 954
454 737
659 852
873 992
772 927
715 905
179 899
843 886
638 735
777 792
600 914
571 964
727 815
257 780
97 401
332 629
899 930
617 970
170 942
181 362
354 687
941 981
617 900
362 946
784 839
251 694
470 703
966 977
324 709
3 650
598 882
923 980
843 978
495 571
769 798
129 169
200 914
750 930
866 943
255 707
738 888
66 251
263 392
239 783
430 732
561 917
744 780
769 868
56 106
203 619
816 988
283 459
87 420
928 957
196 671
972 994
344 920
814 908
222 277
365 692
412 597
764 928
547 683
864 998
742 824
226 377
307 582
774 984
710 837
541 873
807 810
370 533
897 910
964 999
823 886
931 932
972 982
736 763
63 250
911 959
680 726
108 726
863 985
370 690
349 371
546 977
736 870
765 775
212 836
226 402
955 991
933 966
714 998
119 614
30 906
608 719
829 933
391 878
491 746
16 332
84 714
77 128
709 982
497 549
749 821
123 335
490 823
360 611
568 760
833 841
242 837
362 587
619 998
547 975
554 605
362 956
30 619
936 937
638 960
697 768
594 756
155 903
401 501
399 810
438 985
20 579
717 933
121 404
12 523
278 919
911 931
700 878
160 829
889 969
366 830
746 826
171 450
803 937
879 975
554 719
105 252
123 563
755 956
992 993
165 226
227 776
479 844
421 558
510 611
255 776
311 933
777 890
10 354
563 985
347 395
42 506
723 891
263 397
538 703
693 952
34 420
392 833
940 957
819 871
19 443
919 962
735 826
396 573
104 575
686 701
942 945
889 936
550 920
162 801
481 964
748 889
990 996
549 590
470 901
773 962
135 494
77 149
166 246
371 626
10 913
761 773
25 571
699 812
816 975
445 622
458 956
705 999
582 726
128 331
719 960
284 970
606 937
784 860
28 243
267 851
434 850
24 373
38 209
287 457
412 676
393 601
444 618
613 625
720 836
603 849
110 957
478 836
868 957
387 802
525 750
427 859
509 684
776 973
518 694
94 122
244 939
801 992
7 274
265 881
789 998
987 990
500 584
853 936
711 958
769 952
579 948
994 996
930 956
337 496
715 756
870 980
335 507
41 506
681 928
692 762
55 116
356 544
957 993
192 700
493 743
784 882
713 925
387 916
511 766
813 992
322 508
361 369
324 806
541 598
247 313
321 770
683 755
770 978
316 640
215 306
758 771
800 866
328 458
481 716
200 976
42 919
495 835
288 554
680 823
769 962
893 951
283 979
794 919
218 669
556 869
419 968
200 494
812 933
966 993
736 989
34 970
753 851
942 965
626 719
814 862
800 951
986 988
757 974
170 703
318 903
959 975
444 526
816 969
184 774
577 716
149 805
661 835
83 716
653 722
562 599
256 579
991 994
685 897
684 785
454 966
32 703
490 500
672 914
324 557
723 973
161 924
625 772
655 742
196 217
453 621
79 175
696 843
602 893
439 676
58 922
685 757
390 395
959 986
217 910
506 618
996 999
900 980
486 619
417 530
307 462
627 829
568 938
600 925
758 999
313 824
398 482
943 992
754 969
343 750
184 410
588 923
867 979
715 762
582 662
532 882
599 783
307 545
545 938
446 896
818 931
675 685
133 986
95 950
637 872
474 637
724 945
351 960
847 913
560 702
726 841
956 985
954 998
509 924
98 293
304 329
129 255
193 729
368 524
531 614
906 982
204 396
504 676
256 440
556 637
910 995
407 546
180 618
617 754
556 931
571 917
295 308
692 840
466 844
850 955
181 576
55 283
18 149
523 547
968 980
318 942
165 706
106 527
578 961
153 813
378 584
555 556
979 982
873 980
919 932
557 747
906 977
124 216
102 114
282 577
190 814
92 579
45 982
44 392
955 957
821 871
122 227
992 996
646 792
806 975
52 523
782 825
641 971
170 416
924 975
87 573
801 870
76 149
728 937
346 810
126 331
743 968
245 417
802 831
671 935
324 915
206 996
63 118
754 851
172 539
303 755
531 756
454 922
125 613
247 956
718 867
349 433
321 412
862 967
35 160
901 966
486 735
576 978
197 325
320 561
889 986
569 776
19 113
205 698
20 685
610 764
431 535
63 704
819 826
515 700
37 638
836 843
40 178
348 785
601 626
889 907
620 931
923 992
166 755
447 820
141 229
80 369
929 988
202 881
116 124
424 460
360 654
213 324
867 948
617 678
796 882
167 868
801 883
118 493
982 994
594 824
704 954
762 939
306 909
213 371
81 550
192 894
624 986
376 422
744 920
347 712
789 813
769 933
975 982
840 938
716 954
870 918
150 818
603 614
228 810
960 969
866 878
224 643
721 864
741 863
896 919
698 839
681 775
756 811
557 652
53 280
886 986
371 489
845 859
398 652
412 490
834 983
345 718
902 952
686 796
796 841
592 713
292 888
683 929
482 946
350 653
671 798
286 558
246 902
968 979
254 467
232 997
680 801
47 427
37 810
980 982
175 208
704 916
785 900
417 992
32 425
377 977
568 943
322 841
115 819
550 970
597 920
682 721
153 784
319 540
473 919
562 761
354 410
505 974
99 746
331 735
810 900
63 721
222 793
259 498
183 980
261 746
867 873
685 798
114 168
313 931
767 908
74 273
670 673
96 531
646 686
534 701
835 997
751 890
153 954
990 993
179 585
780 850
26 529
641 900
904 971
813 993
658 775
349 915
571 941
499 509
884 936
959 995
655 802
48 706
691 964
320 797
315 565
166 208
800 862
757 857
765 837
431 486
136 905
114 191
512 822
396 944
62 953
421 583
315 879
20 119
121 752
803 852
275 686
132 909
513 848
464 927
697 950
582 682
212 396
548 786
35 199
839 863
69 427
84 105
475 650
128 482
627 794
683 874
238 279
421 434
408 693
192 711
731 842
834 892
627 920
71 657
538 814
659 940
783 817
299 464
120 497
267 831
329 512
805 868
511 991
4 280
805 953
411 931
70 576
321 715
163 695
752 978
451 725
939 967
287 652
97 990
710 910
282 494
374 445
633 791
562 697
806 982
836 968
414 828
906 949
158 662
791 992
127 726
694 913
844 935
601 925
444 515
435 559
689 753
961 964
376 846
579 853
394 501
892 980
199 870
447 596
726 856
129 142
829 922
977 996
690 790
627 811
442 732
647 677
904 991
228 983
210 543
941 943
201 517
313 972
122 245
395 765
346 693
903 929
210 318
915 923
86 649
845 942
64 211
325 987
82 428
889 957
220 478
866 982
964 971
474 910
421 980
815 986
697 785
871 919
35 951
125 818
459 626
24 94
87 981
287 502
417 501
470 648
131 731
395 948
452 490
318 767
980 992
178 895
59 96
351 811
708 981
338 503
249 564
204 245
386 522
570 726
450 864
827 880
685 880
38 784
916 991
707 857
755 837
420 780
305 519
489 790
382 826
843 990
748 807
908 953
313 863
180 321
791 937
463 581
68 850
903 957
669 862
758 787
580 862
437 585
579 728
419 828
786 952
786 950
928 980
730 810
574 623
78 445
174 576
142 435
822 982
741 786
601 652
320 437
893 927
131 972
575 981
525 986
195 524
443 902
287 535
989 996
838 967
688 808
390 466
147 159
853 885
555 705
499 533
952 994
364 843
497 852
7 954
759 963
651 796
309 562
338 702
592 976
977 999
539 889
889 953
901 928
872 907
127 820
196 371
809 813
726 768
437 726
978 988
489 628
817 981
446 487
104 576
236 826
914 976
44 363
178 214
782 934
439 707
569 753
110 890
298 864
273 925
512 938
965 973
616 970
839 892
265 825
596 685
893 914
42 68
426 946
788 888
349 563
628 930
779 872
78 727
772 918
474 949
29 396
146 409
318 561
26 199
874 966
719 844
223 472
823 964
866 993
593 618
799 970
683 888
30 782
143 790
382 525
904 963
926 997
835 858
682 799
136 548
168 659
388 477
667 887
445 922
286 878
295 894
187 479
629 668
324 757
220 712
905 996
78 419
992 994
228 767
280 319
854 964
171 684
538 546
756 864
622 764
846 952
979 992
922 973
581 870
349 827
426 585
400 477
444 751
122 835
495 845
6 769
813 878
642 845
621 685
937 994
459 741
298 626
47 100
0 60
618 641
37 369
796 977
874 941
665 781
712 940
829 980
393 872
648 883
400 686
102 761
531 770
559 611
950 994
831 984
832 864
263 817
940 975
710 863
411 815
675 835
828 902
300 637
515 529
566 666
110 866
326 367
704 923
832 885
642 894
252 441
805 857
585 708
683 797
749 920
591 780
335 583
705 852
905 908
900 973
769 856
130 254
621 839
517 899
964 984
647 889
562 627
925 973
505 631
714 980
659 917
592 986
9 895
282 732
244 996
549 616
568 605
653 659
557 986
355 974
303 429
977 978
733 753
939 981
874 901
670 718
439 946
706 893
858 963
835 890
25 961
794 953
250 362
0 825
197 857
442 994
95 834
300 724
602 680
351 435
212 398
114 600
390 413
755 875
294 689
208 348
668 806
611 741
796 842
179 906
820 833
420 598
916 952
849 901
268 620
774 961
384 886
322 732
896 909
286 904
720 987
849 913
460 461
399 934
623 739
812 839
182 571
462 787
554 979
1 894
318 447
634 841
355 447
409 823
735 813
489 882
382 542
637 852
945 991
68 987
657 862
91 957
360 658
641 906
526 746
279 505
375 442
465 588
943 999
149 788
543 796
516 607
307 422
155 779
333 662
630 969
43 582
864 942
127 218
150 720
727 997
765 954
364 673
52 982
18 891
181 899
799 861
6 741
705 842
11 940
96 848
179 350
884 912
807 972
754 921
683 725
349 564
152 177
151 985
770 956
468 643
668 917
770 847
916 939
896 947
581 843
457 636
499 796
226 704
24 178
930 975
610 916
48 81
6 296
518 863
865 877
115 933
249 913
83 423
189 191
738 784
715 999
775 973
398 930
262 510
169 404
766 784
676 761
757 860
527 645
574 966
593 930
649 855
13 44
652 963
41 968
756 832
682 904
391 677
329 807
580 640
853 956
188 420
327 718
320 596
677 761
322 366
50 265
986 990
865 972
303 920
49 183
201 943
355 858
957 984
949 960
336 761
791 895
347 745
823 888
857 891
617 974
630 928
468 805
874 939
819 859
789 792
610 828
933 953
78 850
803 864
187 571
86 806
652 947
468 959
988 991
85 972
34 535
336 957
744 758
954 986
772 910
513 603
206 654
391 764
786 849
458 964
581 644
233 309
411 813
385 913
446 833
300 877
433 642
916 925
875 991
628 720
245 404
928 941
264 712
672 935
983 990
824 921
479 860
757 948
941 976
118 581
43 611
439 713
401 974
491 931
198 508
242 483
867 913
97 906
203 925
662 805
409 630
703 796
372 643
43 564
456 976
351 590
643 702
314 733
136 479
921 941
317 390
896 922
376 518
227 878
794 992
348 547
633 882
172 619
700 703
148 265
614 816
867 921
878 947
986 987
124 805
704 882
828 831
423 713
355 743
223 625
34 395
976 989
639 723
901 912
191 728
264 763
101 233
245 778
851 970
873 997
441 550
871 929
287 867
574 720
502 926
710 858
424 426
490 601
199 339
911 985
892 934
817 931
2 126
837 926
849 955
937 956
161 220
618 874
783 949
312 866
910 935
515 619
206 492
711 825
678 855
601 733
888 900
934 980
67 290
280 767
427 693
713 949
842 858
916 948
809 852
486 781
496 940
574 650
709 990
207 529
17 524
425 669
610 638
345 677
796 815
568 910
148 622
680 940
541 727
837 876
7 287
396 771
938 993
940 988
304 571
605 721
937 973
917 955
443 897
971 994
649 764
817 904
807 909
633 972
727 903
355 761
880 921
286 694
863 954
394 852
503 921
73 230
594 630
138 182
469 599
961 966
596 813
946 991
260 918
161 197
328 579
687 702
497 978
296 559
297 770
631 971
162 449
715 740
126 516
97 107
783 962
181 342
515 890
944 997
18 178
655 835
38 646
778 808
909 945
94 457
629 878
31 51
8 863
94 915
106 489
317 338
560 824
819 870
369 399
582 680
32 60
916 994
618 682
422 960
369 895
354 360
962 989
340 687
32 646
523 524
560 656
632 750
163 707
681 998
711 722
518 802
945 958
447 476
116 964
599 660
313 893
201 327
253 627
143 679
861 912
457 794
289 822
16 328
166 964
635 775
945 992
493 710
971 990
429 635
151 940
784 976
842 920
930 976
196 346
392 506
250 798
855 866
382 741
8 908
494 608
921 924
455 894
31 343
593 664
381 920
627 748
34 217
30 341
484 784
255 698
280 832
152 664
646 659
128 478
184 857
89 392
931 980
805 992
247 830
31 245
802 838
325 818
745 853
847 856
332 443
542 655
388 610
318 709
786 865
5 647
862 985
29 994
680 862
178 474
117 859
593 659
63 189
962 974
316 515
224 398
96 820
134 568
345 785
665 766
710 733
54 742
384 779
70 818
141 773
949 966
552 839
290 981
24 60
380 818
657 749
595 623
203 692
168 607
305 431
137 420
359 798
25 472
589 854
543 763
635 723
271 893
788 857
542 568
839 842
693 715
140 459
197 545
312 442
976 985
688 865
418 951
24 711
356 893
555 805
6 854
852 868
697 799
364 770
457 884
518 941
387 519
877 960
10 561
137 437
528 848
624 804
454 790
158 269
11 978
940 954
987 993
51 512
396 515
575 614
440 511
295 774
493 535
203 382
94 948
962 966
697 845
474 687
898 949
14 557
771 791
601 832
990 991
675 818
690 915
316 392
804 901
146 767
299 481
825 906
127 221
396 523
64 373
39 594
56 433
230 800
907 991
62 631
258 629
473 913
212 950
942 968
324 811
257 836
778 812
208 448
343 376
372 955
824 979
631 763
991 998
91 794
267 914
315 804
810 981
455 742
356 766
749 822
532 844
268 780
832 860
760 761
246 910
5 741
51 348
175 319
312 553
826 880
427 715
496 676
922 928
182 208
442 556
250 985
686 696
96 675
580 729
257 902
576 609
84 592
677 738
494 832
417 826
803 805
344 549
36 927
95 986
207 647
276 998
138 458
332 564
279 328
353 554
637 812
891 918
7 850
3 808
961 984
845 958
596 948
232 627
210 930
734 920
112 116
20 378
311 563
779 851
111 708
464 870
150 205
771 827
261 373
821 959
442 956
378 983
368 872
370 599
531 866
642 707
720 841
53 171
522 846
590 948
489 490
178 549
310 333
109 836
33 420
507 736
401 503
86 907
249 500
825 828
387 699
68 971
338 424
903 952
863 931
894 906
100 468
922 944
624 889
628 698
247 953
904 946
135 342
727 817
191 882
48 412
430 841
875 956
981 997
944 983
144 927
435 497
575 590
233 817
282 348
820 852
970 986
545 734
734 753
601 856
6 93
440 733
991 995
405 881
169 187
998 999
752 784
801 853
920 932
700 712
324 659
128 768
137 745
114 775
995 999
461 879
435 814
310 940
317 517
99 526
448 536
472 810
210 800
918 919
144 654
809 819
946 951
325 515
235 831
321 400
751 775
481 802
344 938
315 735
304 901
929 963
647 921
199 626
889 922
138 232
873 924
643 921
521 534
833 973
904 908
402 860
954 963
823 986
293 565
634 984
449 628
524 816
554 944
527 986
20 754
640 653
815 995
468 560
493 848
981 982
539 660
383 839
429 873
753 804
436 969
325 501
267 978
177 639
660 860
784 953
292 856
900 940
738 796
62 667
395 605
857 898
601 787
136 813
748 767
667 701
734 811
574 810
371 997
787 944
166 189
76 710
128 690
65 701
133 154
562 771
815 816
396 404
992 997
668 749
334 621
577 784
827 967
924 936
829 890
85 574
488 949
369 735
518 867
702 842
538 972
504 641
190 991
409 654
282 343
13 80
931 949
693 782
348 397
58 769
384 843
219 497
9 966
15 271
209 420
70 670
578 896
923 953
880 925
628 759
877 934
329 993
8 708
965 968
721 958
320 900
442 647
791 835
186 865
527 740
532 832
445 985
840 880
255 515
144 626
60 338
598 645
14 84
556 919
502 896
845 866
698 995
952 998
504 943
218 706
763 925
62 204
518 718
195 641
718 779
87 354
218 240
382 989
877 898
945 998
488 902
135 916
201 447
392 550
476 787
332 771
234 792
888 978
183 643
422 470
305 993
718 861
230 684
206 501
35 194
900 969
938 944
894 932
226 825
776 914
205 369
783 828
798 909
88 114
861 937
641 736
900 991
931 996
420 684
294 704
402 747
678 791
924 928
734 785
421 881
295 454
669 789
37 561
210 662
280 984
886 990
792 832
267 938
228 418
724 742
707 793
863 877
707 780
499 697
475 890
879 971
264 586
40 687
29 269
299 396
836 943
672 822
928 939
449 918
337 785
687 842
