1000 500
437 870
493 577
211 707
669 857
131 636
977 991
114 818
697 765
843 882
659 791
786 879
745 997
866 873
203 654
143 455
436 711
140 664
875 921
621 680
730 918
268 687
754 888
898 912
306 675
989 991
524 592
723 887
631 824
426 764
499 592
985 992
271 823
655 961
535 778
340 820
909 946
609 762
2 364
485 771
52 338
808 956
961 973
706 916
364 983
559 652
145 545
167 875
396 602
547 676
73 763
923 937
151 651
951 991
694 788
925 997
778 815
110 869
810 892
93 582
660 738
931 988
173 815
723 924
801 931
191 616
698 927
278 881
449 935
332 498
849 862
3 69
890 959
475 877
858 894
984 991
121 151
236 922
728 750
300 403
382 595
708 949
536 815
512 542
435 598
89 512
661 943
547 812
34 956
343 493
97 857
266 856
149 237
436 916
900 966
40 376
593 637
985 996
13 53
368 894
336 495
7 20
98 637
852 889
539 769
119 784
814 907
267 395
683 970
598 831
766 788
48 293
677 719
209 347
635 935
712 740
648 660
904 974
403 943
455 808
324 812
418 653
897 998
993 994
206 312
294 297
820 977
101 365
426 570
475 594
262 658
178 998
348 404
954 961
1 18
168 965
850 965
883 889
836 979
856 953
245 746
705 843
877 914
82 817
376 490
571 855
423 969
433 919
133 676
930 996
535 607
45 574
180 502
693 760
381 443
565 846
343 361
383 894
450 953
658 663
871 885
369 476
386 932
833 994
874 968
209 400
518 818
295 573
311 738
993 995
773 876
500 847
675 906
63 603
639 731
333 884
888 989
968 983
836 934
202 954
216 323
598 876
517 674
636 696
624 630
350 609
679 913
428 736
324 549
905 925
215 730
710 790
927 992
764 948
384 746
728 969
751 869
808 973
921 960
422 938
800 889
240 391
737 806
707 830
21 62
904 942
19 949
556 937
870 915
791 906
414 593
272 910
954 978
434 828
493 866
721 826
430 623
588 769
704 966
933 947
36 828
706 713
499 594
759 829
59 897
383 879
139 410
209 584
877 884
210 598
872 993
594 852
308 374
432 477
860 918
309 977
405 704
486 872
184 869
697 831
360 848
696 902
591 649
680 830
549 965
175 522
768 779
37 956
568 970
810 855
860 873
824 834
454 970
190 708
14 23
780 916
493 825
621 655
406 743
413 717
358 731
317 628
143 259
983 987
861 875
170 676
733 866
450 714
998 999
411 591
892 916
778 807
211 441
205 585
97 951
51 789
467 694
244 333
488 729
118 156
571 859
609 935
251 571
72 258
840 933
906 960
919 995
867 946
634 856
846 909
953 962
453 844
155 530
962 963
436 437
18 500
366 587
582 769
637 888
252 887
839 868
729 867
542 794
129 382
689 753
85 235
415 755
895 966
650 908
629 678
489 521
558 954
974 982
720 980
471 933
586 811
764 939
987 992
460 665
553 876
704 817
339 453
39 583
386 500
931 975
784 862
240 655
217 305
859 874
953 984
422 987
594 675
560 646
804 973
600 854
603 815
962 966
296 497
713 982
365 568
675 893
620 811
968 977
897 932
398 703
691 696
250 763
948 958
5 28
173 217
651 694
927 997
878 902
290 892
156 954
73 112
946 978
621 828
202 535
590 754
635 971
319 723
297 853
595 999
705 788
513 637
345 354
612 962
481 895
16 429
410 738
783 805
249 631
789 790
922 988
481 864
343 825
479 989
511 728
165 264
445 944
899 907
481 537
605 925
919 943
669 925
89 572
263 418
462 748
77 674
66 934
985 990
596 770
82 424
349 891
153 177
37 655
364 572
161 747
627 675
800 825
503 846
440 963
154 518
695 902
450 950
827 975
413 535
600 759
821 909
409 540
566 782
123 931
396 649
301 437
138 319
860 983
415 590
138 400
565 942
593 687
914 922
340 682
838 882
317 536
436 808
833 855
872 991
118 990
71 145
580 692
334 775
701 712
699 865
181 273
607 615
177 433
492 787
205 234
188 691
590 788
890 921
209 560
349 972
500 620
335 407
965 968
751 922
17 346
860 897
99 286
393 923
789 879
218 493
726 773
514 787
895 926
749 951
711 971
966 981
876 934
985 986
447 859
656 729
839 918
753 886
931 961
564 740
118 188
732 837
222 405
928 969
652 869
770 870
932 968
408 486
976 996
738 905
632 983
569 671
857 985
622 967
709 830
510 614
822 977
754 817
311 577
186 962
774 951
36 392
708 914
630 734
986 987
250 510
372 766
532 813
521 840
375 468
665 804
543 864
935 975
