10000 9999
0 8278
0 5571
5571 8976
8278 9297
8976 9775
9775 9865
9775 9954
9775 9936
5571 6639
8976 9486
8278 9895
6639 7321
5571 6196
9936 9956
9895 9926
8278 9837
0 9910
9926 9979
8278 8794
9837 9951
9979 9997
9297 9437
6639 9507
8278 8705
8976 9477
9507 9932
9895 9955
9956 9970
9970 9994
9979 9996
7321 9267
9926 9964
9486 9697
9837 9881
9775 9934
5571 8496
9936 9948
9267 9546
9936 9947
9267 9352
9934 9956
9994 9997
9881 9907
9865 9931
6639 7879
9507 9804
9546 9722
9947 9992
6639 9878
9964 9976
9837 9934
9267 9591
6639 9924
9970 9992
9934 9976
9926 9974
9992 9996
9910 9992
9951 9997
9992 9995
8278 9405
9932 9971
9997 9999
9878 9902
9974 9980
0 3189
9934 9972
6196 8734
9972 9996
9405 9505
9956 9983
7879 7893
3189 8757
9932 9997
9722 9807
9881 9923
9956 9973
9352 9705
0 1705
9505 9664
9546 9961
9955 9980
9974 9981
9878 9946
8705 9099
3189 5522
9804 9925
9865 9961
9976 9982
9907 9998
9405 9935
9924 9939
9951 9976
9505 9725
9775 9898
9352 9396
5571 9506
9997 9998
9981 9983
9983 9997
9994 9995
9994 9996
9974 9990
9895 9975
9925 9971
9910 9955
8976 9648
9697 9731
9947 9961
9898 9992
9664 9854
9990 9993
9804 9935
9935 9988
9352 9695
9973 9976
6196 9579
8794 9666
9935 9948
9898 9935
9995 9998
9955 9961
9775 9799
9976 9993
9964 9991
9996 9997
9591 9949
9956 9985
9964 9983
9946 9975
9971 9982
9854 9948
9976 9992
9975 9998
3189 4176
9486 9895
9648 9748
9854 9925
9664 9836
9507 9885
9731 9933
7893 9393
9664 9934
8278 9735
9267 9953
9933 9983
9506 9871
9982 9994
9955 9968
9992 9993
9925 9948
7321 9631
9804 9908
9934 9948
9405 9462
9992 9998
9953 9978
9990 9991
9932 9965
9979 9991
9979 9989
9695 9924
9961 9971
9099 9647
9990 9992
8757 9785
9807 9965
9267 9367
9953 9955
9933 9975
9995 9997
9972 9978
9647 9697
9949 9957
9980 9984
9971 9978
8496 8631
6639 7989
9995 9996
9934 9949
9961 9983
9697 9893
9968 9978
9462 9535
9934 9957
6639 7214
9865 9916
9664 9865
9924 9952
9925 9933
9957 9964
9898 9961
9975 9994
8705 9648
9948 9955
9976 9984
8734 8793
9697 9932
9983 9998
9865 9967
9506 9689
9955 9958
9982 9988
9854 9952
9506 9591
9785 9826
9836 9880
9982 9998
9591 9870
9880 9903
9998 9999
9932 9972
9993 9995
9854 9935
9505 9595
9955 9988
9923 9950
9948 9974
9486 9742
9923 9951
9956 9974
9978 9988
9697 9730
9535 9661
9648 9754
8734 9143
9099 9963
9907 9966
9993 9999
9976 9988
9950 9951
9695 9884
9992 9997
9946 9979
9932 9945
9462 9904
9989 9995
9983 9993
9946 9983
9925 9998
6639 9769
9951 9998
9956 9996
9968 9982
9546 9699
9993 9996
9945 9975
9935 9997
9992 9999
9976 9990
8496 8816
9910 9929
9916 9930
9956 9963
9988 9995
9978 9991
9996 9999
9923 9960
9924 9963
9951 9968
5571 8147
7214 8983
8278 9897
9902 9934
8983 9977
9953 9982
9968 9990
9974 9988
9963 9990
9748 9838
9535 9592
9799 9972
9990 9999
9486 9860
9591 9690
9948 9975
9983 9989
9975 9985
9865 9897
9983 9987
9981 9986
9989 9991
9965 9993
8734 9678
9991 9999
9982 9987
9871 9948
9975 9992
9991 9993
9968 9969
9880 9901
9945 9956
9945 9993
9961 9982
9934 9970
9961 9977
9972 9994
9949 9952
9963 9982
9974 9976
9978 9980
9695 9986
6639 8840
9935 9951
9965 9966
9991 9998
9986 9993
9961 9966
4176 4627
8794 9569
7879 7881
9505 9548
9983 9985
9569 9757
9971 9983
9961 9973
8631 9044
9933 9976
9705 9762
9960 9983
9982 9983
9950 9957
9878 9948
9983 9999
9972 9981
9945 9994
9991 9994
9965 9969
9966 9968
9955 9992
9926 9995
9968 9988
9970 9989
8278 8839
9988 9999
9548 9903
9989 9997
9975 9988
9964 9992
9799 9839
9936 9950
9925 9976
9297 9424
9963 9976
9947 9950
9981 9989
9647 9728
9975 9979
9975 9996
9990 9998
9980 9985
9762 9936
9986 9991
9352 9681
9731 9868
9695 9696
9507 9712
9994 9998
9949 9962
9971 9988
9631 9874
9988 9989
9993 9997
9897 9899
9405 9576
9936 9992
9976 9980
4176 8428
9591 9644
9903 9948
9961 9981
9961 9992
9996 9998
9690 9734
9974 9984
9934 9943
8840 9242
9963 9973
9973 9999
9989 9998
9854 9900
9965 9974
9903 9931
9982 9989
9897 9925
9962 9973
9988 9998
8631 9256
9661 9687
9898 9914
9947 9989
9924 9936
9854 9922
9961 9985
9722 9949
9728 9804
9984 9994
9971 9990
9992 9994
9962 9992
8278 8811
9256 9330
3189 8015
9393 9722
8428 9815
9934 9958
9952 9963
9965 9992
9330 9368
9297 9484
9699 9716
9769 9800
9982 9992
9904 9928
9993 9998
9963 9987
9955 9997
0 3369
9895 9951
9975 9982
9976 9978
8811 9869
9757 9798
9731 9751
9696 9728
9664 9796
9973 9983
4627 8252
9932 9953
9963 9999
8705 9323
1705 1710
8631 9487
9696 9946
9943 9981
9956 9976
9895 9924
9725 9881
9963 9985
9950 9997
9865 9924
9958 9962
9751 9902
9930 9956
9099 9258
9993 9994
8983 9290
9924 9993
9990 9997
9951 9996
9899 9952
9946 9985
9730 9940
9982 9997
9664 9813
9936 9986
9836 9917
9947 9956
9925 9936
9951 9987
9977 9996
9934 9985
9956 9995
8278 9777
9939 9956
9987 9991
9699 9720
5571 7100
9949 9968
9932 9947
9970 9991
9897 9949
9935 9949
9405 9779
9978 9997
9956 9972
9983 9992
9796 9942
9950 9978
8252 9039
9984 9996
9869 9968
9955 9963
9934 9968
0 8324
9804 9897
9935 9994
1710 5933
9958 9961
9965 9970
9963 9975
9989 9993
9975 9981
9924 9948
9972 9980
9931 9939
9592 9969
5571 9716
9934 9995
9960 9967
9695 9832
9929 9952
9972 9993
9884 9954
9984 9995
9595 9990
9754 9959
9983 9986
9722 9986
9689 9960
9956 9965
9917 9991
9865 9958
9695 9926
9986 9996
9988 9994
9982 9984
9748 9783
9950 9998
9933 9992
9687 9805
9961 9988
9983 9988
9908 9932
9973 9988
9970 9979
9881 9949
1710 5553
9951 9966
9960 9974
9837 9966
9893 9974
9958 9978
9734 9918
9931 9996
9990 9994
9948 9991
9957 9985
9742 9861
8631 9228
9903 9999
9644 9907
9990 9996
9976 9985
9956 9987
9868 9986
9907 9981
9437 9792
9969 9970
9960 9999
9932 9960
9949 9995
9424 9917
9143 9284
9932 9977
9664 9876
9984 9985
9972 9991
9966 9972
9968 9997
9696 9742
9967 9995
9968 9973
9965 9997
9957 9966
4627 6671
9982 9995
9989 9994
9972 9979
9974 9986
9976 9989
9785 9924
9985 9988
9974 9975
9948 9981
9405 9938
8324 9160
9960 9978
9978 9989
9916 9922
9973 9996
9897 9980
9720 9770
9975 9990
9936 9967
9720 9800
9895 9992
9986 9994
0 173
9697 9980
9988 9997
9979 9986
8252 8260
9945 9960
9728 9903
9160 9284
9988 9993
7893 9589
9966 9990
9948 9984
9900 9964
9878 9881
9961 9989
9962 9966
9779 9835
9893 9938
9910 9988
9895 9901
9762 9991
9991 9996
9922 9941
9860 9981
9926 9963
9948 9985
9775 9949
9950 9967
9946 9995
9924 9999
7100 7939
9957 9967
9966 9981
9907 9976
9976 9994
9936 9993
9947 9957
9948 9986
8794 9392
9979 9994
9963 9983
9903 9959
9988 9992
9982 9999
9951 9961
9579 9583
9961 9967
9099 9560
9730 9923
9985 9995
9762 9973
9978 9996
9955 9978
9885 9942
9742 9815
9923 9939
9705 9823
9961 9991
9728 9892
9922 9997
9991 9992
9914 9921
9955 9985
8015 9668
9964 9984
9956 9975
9487 9912
9988 9991
9815 9869
9961 9962
9967 9997
9938 9993
9900 9913
9964 9988
9757 9864
9981 9997
9696 9973
9871 9920
9991 9997
9935 9983
9961 9964
9978 9979
9981 9996
9751 9881
9699 9701
9936 9959
9931 9986
8428 9770
9039 9177
9962 9983
9666 9846
5522 9022
9939 9958
9984 9992
9697 9876
9967 9972
9936 9978
1710 1916
9950 9996
9994 9999
9963 9977
9984 9993
7879 8909
9948 9952
9940 9999
9666 9782
4176 5505
9935 9980
9904 9984
9751 9810
9934 9939
9757 9823
9368 9577
9959 9962
9967 9986
9689 9730
9980 9988
9965 9999
9668 9788
9952 9966
9979 9984
9892 9959
9769 9854
9968 9971
9985 9987
9961 9984
9964 9978
9961 9995
9975 9978
9982 9986
9916 9992
9785 9888
9592 9639
9930 9966
9986 9997
9913 9925
8252 9754
9935 9985
9951 9993
9949 9956
9961 9978
9885 9929
9228 9925
9897 9953
9979 9998
9948 9958
9950 9956
9839 9891
9980 9992
9284 9589
9953 9954
9800 9821
9926 9983
9647 9749
9258 9721
9807 9964
0 9091
9981 9994
9821 9855
9972 9997
9987 9994
9948 9989
9903 9967
9926 9947
9330 9824
9815 9902
9981 9987
9986 9990
9989 9992
9986 9992
9933 9977
9899 9992
9967 9988
9977 9988
9815 9882
9987 9997
9975 9997
9942 9956
9591 9813
9962 9996
9962 9990
5933 6333
9949 9965
7214 8816
9969 9991
9143 9957
8909 9227
9942 9993
9966 9971
9934 9971
9936 9946
9978 9985
9284 9305
9907 9965
9947 9952
9960 9972
9982 9996
9978 9981
9022 9927
9835 9894
9985 9998
9895 9908
9962 9974
9980 9996
9973 9993
9908 9964
1710 6851
9986 9989
9978 9994
9935 9958
9647 9664
9352 9722
9947 9999
9424 9970
9948 9977
9725 9880
5933 9021
9697 9905
9912 9982
9957 9962
9647 9792
9832 9910
9535 9973
9701 9868
9974 9982
9824 9857
9894 9999
9891 9960
9979 9992
9728 9796
9881 9917
9779 9891
9922 9926
9983 9995
9934 9944
9895 9948
9854 9987
9949 9992
9985 9990
9949 9966
9917 9984
9881 9886
9639 9804
9985 9993
9022 9430
9967 9994
9595 9643
8496 8973
9782 9855
9804 9845
9963 9989
9965 9982
9647 9720
9991 9995
9988 9990
9977 9981
9927 9938
9631 9810
9938 9949
9595 9937
9924 9981
9966 9996
9981 9985
9983 9996
9970 9973
9837 9986
9367 9923
9932 9969
9924 9973
9769 9970
9990 9995
9661 9664
3369 3516
9951 9965
9898 9943
9985 9994
9330 9677
9368 9371
9392 9809
8794 9643
9891 9909
9978 9999
9477 9975
9912 9932
9891 9925
9846 9929
3189 7901
9936 9998
9947 9948
9925 9990
9876 9902
9902 9921
7100 9466
9865 9892
9979 9988
9950 9979
9965 9971
9796 9815
9677 9928
9160 9840
9985 9999
9926 9988
9956 9971
9959 9989
9701 9959
9952 9969
9971 9992
9932 9940
9973 9981
9908 9940
9880 9882
9985 9997
9792 9938
9908 9950
7100 8189
9977 9992
9969 9984
9970 9982
9569 9652
9981 9995
9477 9495
9948 9960
9943 9951
9978 9998
9256 9433
8839 9684
9826 9945
9929 9986
9899 9957
9967 9975
9929 9954
9972 9998
9832 9888
9948 9959
9986 9999
9974 9999
9982 9985
9942 9970
9971 9996
9258 9687
9986 9987
9946 9992
9666 9982
9965 9986
9987 9989
9956 9992
9976 9977
8811 9506
9860 9978
9947 9959
9960 9963
9987 9995
9964 9986
9939 9968
9961 9980
9881 9978
9894 9912
9735 9930
9984 9999
9962 9982
9984 9997
9948 9993
9951 9995
9951 9955
9972 9982
7214 7961
9589 9858
9754 9840
9971 9999
9974 9996
9921 9955
7100 8058
9884 9896
6639 8585
9367 9799
9951 9981
9777 9973
9695 9756
3516 6651
9952 9978
9955 9962
9957 9971
9980 9998
9840 9961
9689 9735
9982 9991
9975 9984
9909 9996
9925 9999
9964 9971
9769 9794
9583 9973
9956 9958
9952 9973
9959 9972
9800 9891
9981 9982
9971 9981
9305 9466
9258 9273
6671 7622
9939 9961
9160 9230
9926 9948
9722 9890
9352 9481
9897 9898
9876 9895
5933 8539
9396 9713
9953 9971
9840 9982
9973 9990
9961 9969
9821 9826
9810 9955
9943 9945
9725 9938
9950 9985
9701 9958
9323 9829
9871 9975
9730 9951
8585 8975
9947 9965
9506 9525
9987 9993
9964 9980
9881 9938
8976 9287
8839 9107
9975 9983
9938 9944
9944 9989
9958 9980
9925 9958
9960 9987
9980 9990
9970 9986
9826 9970
9861 9923
7989 8704
9947 9962
9284 9695
9923 9935
9973 9994
9392 9871
9920 9986
9506 9590
9661 9901
9955 9999
8757 9227
9935 9990
9967 9993
9290 9750
9925 9927
9858 9961
9959 9984
9985 9991
9868 9924
9941 9985
9916 9939
9871 9950
9796 9947
9987 9988
9982 9990
9978 9983
9367 9373
9972 9976
9967 9976
9924 9976
5571 6745
9725 9770
9720 9790
9751 9901
9796 9976
9560 9840
8496 9053
9973 9991
9959 9995
9946 9986
9290 9554
9968 9986
9928 9943
9953 9974
9912 9957
9924 9966
9902 9984
9782 9846
9810 9860
9053 9624
9945 9989
9228 9447
9932 9933
9980 9994
9984 9988
9256 9918
8585 9308
9815 9947
5505 8573
9405 9447
9971 9985
9648 9791
9953 9991
9925 9955
9447 9950
8573 8763
9948 9949
9988 9996
9931 9953
9681 9717
9955 9994
9903 9987
9950 9992
9898 9918
9577 9853
9506 9764
9978 9984
9949 9973
9699 9821
9267 9990
9525 9970
9227 9541
9884 9927
9143 9333
9891 9902
8324 9288
9267 9657
9876 9973
9947 9972
8909 9432
9939 9974
9970 9993
9899 9965
9941 9965
9804 9933
9979 9999
9777 9916
9323 9364
9943 9985
9971 9980
9876 9977
9756 9786
8757 9929
9938 9975
9970 9988
9939 9960
9933 9953
9974 9989
6745 9794
9525 9911
9964 9979
9940 9960
9918 9996
9900 9972
9160 9818
9924 9998
8973 9642
9949 9960
9589 9967
9963 9969
9821 9921
9950 9971
7901 9531
9972 9977
9938 9945
9952 9987
9791 9846
9970 9983
5522 5566
9969 9973
9959 9961
9959 9979
9764 9772
9924 9953
9957 9990
9929 9963
6745 6885
9914 9950
9939 9978
9970 9976
9690 9937
9950 9981
9963 9966
9971 9991
9959 9985
9177 9382
9987 9999
9764 9768
9977 9987
9952 9953
9989 9990
9290 9647
8816 9708
8816 9066
9941 9968
9973 9975
8260 9299
9903 9940
9957 9991
8631 9870
9330 9396
9976 9987
9437 9519
9953 9977
9942 9959
9986 9988
9961 9970
9809 9834
9507 9769
9821 9822
8260 9521
9495 9684
9786 9831
9985 9986
9644 9950
9708 9817
9950 9966
9697 9714
9965 9990
9950 9964
0 9654
9722 9952
9840 9998
9959 9965
6745 7308
9921 9985
9846 9964
9754 9928
9908 9991
9958 9981
9924 9927
9948 9971
9287 9999
9940 9956
9933 9986
9969 9975
6639 7656
9855 9925
9912 9940
9840 9972
8909 9495
9948 9995
9897 9999
9948 9951
7881 7949
9975 9987
7656 8541
9971 9979
9972 9995
9989 9996
9800 9949
9959 9974
9486 9666
9684 9716
8983 9698
9868 9902
9642 9885
9788 9961
9364 9947
9044 9621
9946 9976
9976 9981
9893 9984
9299 9868
5566 6211
1710 4543
9721 9893
9837 9867
9961 9974
9987 9990
9925 9983
9870 9945
9898 9921
9965 9968
9974 9985
9664 9799
9951 9977
9951 9967
9258 9976
9952 9997
9959 9998
6333 9996
9099 9555
9860 9971
9958 9965
9911 9957
9925 9942
9792 9898
9796 9964
9945 9952
7214 8975
4627 9267
9971 9972
9986 9998
9953 9995
9519 9798
9912 9999
9958 9982
9902 9910
9405 9461
9947 9968
0 6847
9699 9970
9880 9990
9935 9946
9447 9867
9267 9923
9910 9931
9424 9979
9664 9948
9979 9987
8704 8936
9935 9981
9933 9958
9768 9969
8585 9926
9974 9997
9885 9985
9918 9976
9786 9953
8631 9250
9813 9999
9902 9953
6196 6608
9880 9883
9396 9934
9053 9094
9666 9713
9935 9945
9981 9992
9891 9961
9973 9987
9936 9985
9927 9993
9964 9969
9883 9915
8015 9622
9775 9864
9970 9978
173 6839
9799 9901
9956 9961
5571 5660
9935 9964
9934 9987
9984 9991
9995 9999
9924 9942
8757 8892
9648 9770
9881 9934
9955 9983
9926 9942
9666 9860
9895 9971
9891 9971
9926 9989
9935 9954
9800 9989
8631 9538
8973 9846
9794 9869
9824 9948
9876 9987
9507 9882
9762 9828
9922 9982
9754 9816
9947 9991
9589 9872
9953 9972
9735 9804
9973 9992
9952 9957
9785 9967
9815 9912
9821 9991
9882 9976
9961 9979
6885 7721
9927 9949
8704 9411
9949 9998
9891 9972
5505 8255
9950 9968
9486 9840
9250 9501
9813 9974
9731 9779
9920 9964
9964 9987
9915 9999
7881 9807
9227 9909
9981 9988
9871 9896
9779 9975
173 5853
9965 9979
9948 9979
9779 9796
9928 9982
9945 9986
9869 9996
9631 9695
9975 9995
9642 9933
3189 3990
9977 9990
9984 9998
9094 9499
9930 9994
9916 9998
9969 9985
9961 9996
9892 9965
9942 9952
9949 9999
9953 9983
9975 9993
9832 9918
8793 9818
9926 9941
9840 9999
9874 9987
8252 9665
9870 9927
7721 8501
9824 9990
9972 9987
9970 9995
9284 9468
9962 9998
9966 9978
9951 9962
9807 9939
9832 9878
9983 9991
9957 9996
9822 9907
9970 9980
9818 9931
9284 9487
9904 9940
9487 9878
9583 9701
9807 9848
8975 9938
8539 9303
9960 9993
9921 9934
9681 9686
9880 9907
9786 9808
9686 9996
9952 9980
9898 9990
9652 9967
8585 9489
9933 9990
9764 9798
9911 9915
9951 9970
9396 9745
9968 9970
9930 9979
9932 9952
6333 9578
9855 9873
9955 9975
9983 9990
9821 9960
9643 9746
9921 9949
9876 9929
3990 9052
9576 9734
9969 9977
9519 9615
9817 9927
9979 9983
9666 9878
8631 9119
9957 9983
8794 9543
9975 9999
9978 9990
9284 9846
9881 9929
9974 9987
9810 9964
9949 9979
9978 9995
9987 9992
8973 9407
9940 9963
9938 9997
9881 9964
9936 9977
9800 9808
8811 9093
8909 9534
9968 9999
9963 9979
9979 9982
9840 9975
9891 9995
9966 9983
9961 9987
9506 9942
8983 9920
9654 9996
9967 9984
9974 9991
9642 9783
9979 9985
9717 9880
9976 9991
9589 9719
9948 9994
9948 9967
9983 9984
9981 9984
7656 9947
9962 9995
9368 9871
9799 9828
9948 9962
9962 9975
9934 9936
9690 9828
9052 9687
9951 9985
9977 9984
9984 9990
9945 9971
9982 9993
9942 9973
9287 9397
7100 8853
8058 8384
9952 9974
9885 9940
9770 9810
9965 9973
9971 9989
8909 9117
9903 9945
9935 9957
9701 9853
1705 8776
9969 9982
7949 9095
9978 9982
9808 9932
9652 9794
9977 9983
9782 9822
9956 9989
9954 9993
9977 9991
9393 9505
9860 9930
9976 9996
9521 9801
9657 9768
9967 9970
9769 9853
9984 9986
9273 9895
9959 9968
8811 9533
9864 9867
9964 9972
9924 9959
9716 9887
9813 9824
9433 9792
9697 9776
5553 6984
9931 9937
9981 9990
9966 9995
9970 9999
9961 9986
9882 9967
9721 9921
9868 9944
9754 9860
9396 9962
9969 9990
9873 9881
9962 9993
9907 9908
9848 9914
9935 9982
9800 9948
9985 9992
9898 9958
9952 9981
9822 9963
9975 9989
9963 9995
9901 9963
6333 6523
9965 9995
9880 9959
9695 9905
9972 9984
9946 9972
9397 9728
9896 9966
9722 9847
9621 9778
9119 9881
9958 9976
9979 9993
9942 9995
8260 8617
9967 9973
9962 9968
9987 9996
9938 9939
9971 9973
9938 9948
9554 9701
9466 9653
9940 9989
9624 9752
9829 9832
9971 9975
9972 9983
9762 9925
9972 9989
9947 9979
9981 9999
9984 9989
9039 9755
9966 9988
9794 9858
9505 9770
9960 9965
9960 9976
9953 9958
9792 9844
9917 9978
9970 9996
9822 9967
9230 9300
9888 9913
9538 9715
9810 9925
9955 9991
9717 9851
9981 9991
9860 9997
9853 9925
9433 9804
9927 9956
9091 9195
9888 9980
8975 9749
9392 9496
9794 9948
9897 9940
9721 9991
9631 9649
9810 9818
9959 9970
4627 6600
9701 9781
9864 9873
9933 9963
9930 9983
9287 9381
9956 9978
9871 9881
9696 9805
9890 9924
9930 9931
9917 9970
9957 9989
9964 9990
9933 9950
9922 9955
9854 9859
9938 9957
9686 9767
9910 9951
9898 9980
9868 9896
9916 9941
9284 9405
9934 9959
9939 9995
9958 9959
9882 9960
9698 9750
9832 9982
9972 9988
9916 9951
8936 9127
9973 9982
9921 9948
9977 9985
8816 9192
9924 9969
9695 9866
9949 9996
9447 9619
9959 9960
9835 9944
9957 9974
9823 9908
9661 9922
9824 9957
9929 9995
9942 9988
9589 9804
9949 9981
7100 9224
9956 9977
8541 9194
9964 9970
9943 9959
9775 9939
9487 9789
9749 9876
9920 9998
9902 9996
9910 9968
9022 9234
9964 9973
9770 9994
9777 9978
9648 9862
9956 9990
9891 9892
9800 9939
9907 9936
9866 9941
9973 9984
9789 9991
9902 9933
9798 9983
9977 9978
9506 9853
9764 9890
9932 9985
9938 9988
9870 9998
9949 9982
9858 9917
8816 9373
9767 9926
9925 9989
9974 9978
9368 9372
9861 9891
9591 9802
9952 9968
9447 9779
9940 9972
9965 9991
9119 9792
9290 9799
9978 9992
9661 9841
9932 9941
9728 9846
9615 9838
9841 9876
9967 9987
9840 9857
9695 9700
9857 9900
9822 9971
9891 9905
9858 9953
9840 9888
3990 8174
9899 9938
9668 9972
9873 9911
9495 9563
9981 9993
9817 9922
9466 9696
9697 9978
9987 9998
0 4532
8617 9714
9881 9948
9631 9687
9815 9840
9963 9993
9949 9986
9392 9522
9971 9977
9901 9974
9966 9994
9968 9992
9828 9888
9967 9991
9923 9958
9897 9919
9802 9973
9978 9993
9947 9986
9861 9979
9393 9589
9796 9917
9735 9976
9840 9989
9973 9986
9926 9930
9970 9972
9923 9946
9955 9976
9975 9980
9267 9714
9768 9872
9917 9988
9860 9863
9871 9900
9486 9747
9902 9903
9980 9986
9973 9980
9569 9631
9821 9997
9963 9998
9955 9998
9958 9995
9022 9851
9894 9991
7961 8313
9823 9962
9777 9955
9800 9997
9752 9969
9715 9840
9939 9977
9305 9981
9959 9966
9950 9984
9770 9784
4176 4603
9868 9903
9712 9974
9525 9739
9846 9912
9890 9940
9984 9987
9728 9887
9958 9966
8973 9564
9977 9998
9519 9588
6847 8317
9352 9711
9699 9842
9976 9983
9970 9984
9951 9999
9966 9975
9942 9972
9938 9996
9948 9983
9896 9925
9960 9973
9896 9914
9950 9994
9770 9973
9870 9890
9918 9942
3189 9773
9805 9982
9972 9985
9966 9967
8811 9410
9966 9979
9855 9967
9960 9991
9725 9793
9951 9971
9546 9910
8776 9325
9846 9856
9873 9972
9971 9986
9501 9629
9931 9951
9734 9767
9963 9992
9925 9934
9902 9989
9499 9806
9921 9999
9066 9241
9942 9968
9686 9797
8704 9328
9957 9987
9589 9672
9940 9958
9942 9964
9940 9952
9195 9491
9798 9841
9966 9999
9937 9985
9973 9998
9871 9943
8255 9810
8585 8727
9878 9894
9905 9944
9809 9933
9801 9843
9949 9980
4543 6410
9664 9696
9967 9974
8255 9131
9952 9977
9725 9856
9977 9994
9986 9995
9945 9990
9967 9989
9913 9959
9926 9984
9792 9924
9405 9617
6651 9778
9499 9919
9923 9984
6600 9397
9851 9887
9955 9970
9810 9879
9590 9898
9696 9928
9908 9955
9107 9466
9576 9741
9690 9731
8727 9470
9887 9963
9569 9903
9701 9814
9948 9980
9950 9952
9735 9868
9410 9553
9979 9995
9931 9971
9405 9460
9973 9979
9647 9738
9980 9993
9895 9965
9835 9888
9810 9975
9447 9652
9970 9974
9826 9921
9960 9968
9525 9724
9970 9997
9894 9934
9960 9997
9951 9956
9966 9984
9697 9938
9590 9609
9831 9842
9687 9788
9800 9844
9938 9982
7881 8043
9489 9821
9851 9982
9956 9964
9955 9995
9905 9947
9918 9934
9846 9937
9890 9984
9652 9775
9910 9962
9900 9917
9880 9886
9778 9804
9924 9992
9980 9983
9980 9999
9932 9955
9911 9988
9792 9836
9928 9989
9788 9869
9713 9942
9725 9820
9697 9942
9822 9912
9928 9936
9974 9979
9947 9997
9973 9974
9953 9975
9971 9997
9969 9997
9826 9849
9927 9963
7656 8898
9952 9960
9834 9979
9957 9969
9818 9883
9589 9957
9750 9910
9985 9996
9959 9969
9919 9962
9972 9986
9856 9959
9927 9959
9554 9940
9842 9906
9967 9971
9840 9843
9194 9984
9838 9872
9885 9956
9846 9997
9886 9895
9929 9978
9914 9948
9969 9983
9805 9899
9939 9953
9288 9924
9893 9926
9901 9945
9792 9952
9117 9363
9735 9848
9881 9984
9308 9799
9230 9550
8252 8700
9967 9996
9925 9938
9895 9980
9865 9869
9717 9721
9770 9935
9746 9845
9947 9998
9934 9997
9924 9975
9977 9986
9933 9979
9952 9956
9844 9854
9776 9933
9938 9999
9929 9999
9373 9600
8174 8200
9969 9993
9879 9910
9631 9909
9941 9958
9653 9938
9957 9998
9801 9832
9948 9990
9971 9984
9881 9884
9782 9870
9892 9980
9859 9954
9917 9964
9333 9452
9967 9998
9874 9914
9722 9962
9855 9940
9910 9976
9977 9989
9924 9957
9901 9977
9974 9993
9938 9959
9951 9960
9849 9941
9949 9974
9888 9953
9022 9526
9918 9941
1710 8781
9959 9981
9932 9958
9678 9858
9888 9965
9963 9965
9956 9982
9918 9998
9800 9961
5853 7572
9784 9918
8015 9160
3516 7148
9672 9929
9900 9991
9730 9941
9792 9863
9945 9996
9250 9857
9746 9901
9969 9992
9364 9766
9891 9981
9966 9987
9872 9920
9538 9952
9942 9975
9941 9999
9960 9994
9948 9970
9541 9981
9946 9961
6608 9125
9979 9981
9974 9983
9094 9541
9896 9920
9699 9907
9917 9976
9952 9954
9938 9941
9686 9769
9868 9982
9653 9702
9880 9938
9930 9938
9970 9998
9976 9986
9230 9691
9899 9918
9647 9821
9976 9998
9955 9974
9948 9997
9970 9975
9942 9980
9964 9965
9804 9921
9381 9458
9506 9819
9799 9967
9447 9609
9832 9919
7100 7121
9923 9941
9363 9391
9799 9984
9712 9810
5933 9724
9925 9960
8278 9020
6608 9500
9957 9959
9964 9974
9895 9941
9303 9338
9778 9852
9793 9810
9936 9987
9983 9994
9695 9784
9886 9971
9836 9959
9258 9633
9810 9977
9892 9917
9969 9974
9934 9992
9461 9702
9824 9962
9800 9851
9958 9997
9868 9938
9891 9929
9810 9930
6847 8700
9792 9832
9880 9969
9917 9969
9195 9878
9819 9881
9923 9973
9697 9957
9937 9955
9364 9475
9720 9789
9972 9974
4176 7119
9965 9984
9913 9966
9856 9888
9940 9993
9937 9962
9819 9847
9957 9980
9560 9989
9888 9974
9907 9978
9716 9876
9929 9994
9796 9970
9980 9982
9960 9971
7939 9421
9966 9977
9500 9676
7148 8253
9849 9975
9953 9999
9969 9981
8727 8953
9967 9980
9808 9844
9828 9966
9805 9866
9821 9922
8260 9800
9719 9807
9447 9673
5505 8629
9926 9944
7939 9946
9855 9933
9227 9701
9591 9714
9131 9179
9794 9968
9947 9988
9333 9809
9924 9971
8539 9748
9966 9993
8253 9197
9548 9599
9933 9968
9095 9455
9917 9953
9913 9951
9962 9970
9912 9959
9935 9976
9856 9869
9938 9978
9953 9992
9854 9965
9961 9976
9784 9869
9936 9961
9860 9900
9821 9979
9932 9950
9975 9986
9904 9969
9960 9981
9858 9951
9927 9966
9548 9778
9878 9973
9909 9985
9871 9977
9541 9900
9967 9977
9965 9988
8384 9674
9501 9545
9681 9962
9747 9832
9940 9994
9966 9980
9648 9733
9840 9872
8704 9937
9770 9943
9970 9985
9690 9887
9953 9993
9846 9943
9526 9978
9933 9936
9869 9904
9814 9982
8015 9173
9911 9922
9519 9782
9918 9955
9958 9960
9767 9790
9831 9886
6211 8363
9881 9910
9895 9990
9903 9973
9466 9660
9880 9939
9917 9938
9407 9698
9942 9957
9800 9892
9907 9975
9985 9989
9305 9695
8253 8557
9872 9928
9887 9897
9713 9805
9786 9798
9695 9745
9977 9980
9855 9907
9941 9988
9954 9966
9969 9988
9909 9925
9724 9934
9949 9988
9433 9920
9468 9529
9731 9878
9951 9983
9958 9972
9853 9909
9629 9632
9826 9863
9941 9953
9968 9981
9934 9973
9893 9941
9952 9972
9963 9970
9391 9438
9738 9894
9913 9937
9938 9976
9965 9989
9631 9833
9328 9359
9691 9924
8313 9105
9945 9992
9933 9935
9959 9994
9466 9718
9961 9999
9892 9969
9859 9962
9177 9301
9624 9942
9697 9756
9940 9951
9858 9923
9930 9960
9976 9979
9681 9939
8324 9428
9832 9898
9970 9987
9687 9783
9938 9970
6984 9819
9779 9957
9886 9980
8700 9731
9912 9939
9773 9801
9977 9993
9953 9964
9489 9972
9819 9984
8317 9983
9972 9992
8781 9139
9972 9973
9963 9980
9105 9286
9698 9762
4627 7767
9424 9655
9857 9906
9772 9833
9910 9913
9297 9917
9847 9880
9953 9962
6847 8673
9910 9914
9506 9807
9921 9956
9804 9862
9297 9886
9131 9668
9960 9980
9938 9977
9902 9982
9921 9967
9964 9989
3990 4289
9107 9707
9938 9953
9936 9949
9960 9962
6745 9045
8704 8989
9947 9990
9507 9559
9411 9625
9962 9978
9813 9930
9735 9941
9952 9964
9903 9952
9957 9993
9066 9486
9495 9942
9922 9980
9550 9577
9942 9979
9962 9997
9964 9981
9924 9961
8496 8695
9872 9906
9655 9792
9969 9976
9880 9975
9981 9998
9957 9960
9932 9999
9624 9655
9899 9900
9767 9803
0 8097
7308 9845
9695 9989
9804 9999
9783 9915
9901 9956
9927 9934
5505 9655
9807 9880
9937 9983
9883 9896
9969 9989
9619 9862
5660 9377
9534 9593
9373 9799
9762 9993
5553 7430
9776 9848
9941 9970
9745 9916
9696 9801
9922 9963
8776 9676
9749 9872
9953 9997
9487 9617
9973 9985
6211 6882
9714 9934
9951 9975
9971 9974
9894 9986
9951 9958
9969 9972
9125 9848
7939 9835
9716 9795
9878 9887
9915 9993
9969 9978
9460 9769
9746 9982
9944 9962
8260 9670
9756 9769
9936 9952
9926 9962
9714 9911
9881 9974
9728 9894
9847 9868
9944 9985
9967 9992
9807 9957
9455 9625
8763 9136
9907 9995
9954 9988
9974 9995
9756 9840
9722 9821
8953 9960
9818 9935
9857 9866
9946 9950
8794 9363
9959 9963
7656 7752
4627 9032
9922 9923
9940 9962
9816 9985
9713 9916
9020 9462
9712 9863
3990 7875
9739 9991
9941 9984
9973 9989
9139 9580
9962 9971
9971 9998
9860 9886
9698 9723
9895 9998
9752 9924
8363 9546
9769 9869
9722 9780
9945 9946
9804 9917
9989 9999
9642 9965
9957 9968
9953 9976
9810 9878
9696 9726
9589 9962
9421 9557
9506 9515
9950 9955
6410 7235
9535 9714
9957 9981
9553 9849
9783 9818
9701 9712
9288 9763
9925 9931
9948 9982
9960 9961
9972 9975
9968 9989
9929 9939
9940 9996
9918 9939
9687 9979
9938 9971
9878 9977
9980 9995
9724 9971
9802 9824
8174 8749
9590 9909
9714 9846
9768 9863
9045 9651
9915 9967
9258 9279
7121 8399
9876 9952
9751 9915
9947 9971
9794 9886
9813 9980
9908 9953
9859 9871
8189 8879
9500 9750
9939 9957
9871 9960
9352 9581
9804 9823
9924 9980
9939 9952
9751 9932
9924 9934
9848 9877
9934 9990
9848 9970
9127 9639
8384 9618
9700 9840
9955 9982
9969 9995
9718 9852
9117 9793
9962 9969
9957 9975
9886 9887
8975 9163
9967 9982
9920 9971
9880 9937
9939 9966
9941 9987
9742 9955
9794 9914
9305 9430
9505 9608
9687 9710
9956 9967
9953 9996
9914 9955
9950 9989
9826 9841
9676 9980
9955 9972
9466 9685
9914 9925
9867 9942
9975 9976
9305 9458
9934 9953
9958 9992
9589 9950
9797 9809
9886 9970
9911 9951
9762 9790
9966 9976
9900 9908
9807 9988
9922 9979
9960 9975
9886 9889
6196 9989
9794 9989
9495 9790
9943 9986
8317 9448
9927 9931
9655 9726
9105 9396
9801 9920
9906 9914
9609 9738
9458 9589
9934 9986
9559 9567
9897 9900
9589 9855
9368 9975
9911 9926
9730 9782
8097 8576
9905 9921
9909 9971
9567 9665
9563 9620
9867 9882
9580 9925
8757 9666
9886 9993
7430 9758
9892 9963
9965 9980
9849 9958
9949 9978
9489 9967
9891 9947
9730 9992
9901 9906
9832 9872
8313 8790
9951 9979
6523 7310
9880 9917
9958 9979
4289 7019
9959 9971
7430 8322
9800 9804
9961 9965
9863 9949
9949 9985
9897 9966
9957 9984
9460 9739
9972 9990
9886 9937
9863 9977
9818 9886
9721 9809
9955 9993
9878 9941
9525 9925
9900 9940
9929 9998
9533 9775
9538 9838
9979 9980
9846 9936
9821 9904
9267 9289
9794 9974
9848 9943
9939 9985
9748 9844
9838 9894
9286 9969
9925 9981
9950 9988
9792 9953
9940 9986
9928 9930
9976 9995
9923 9972
9946 9996
9553 9691
9869 9979
9807 9937
9411 9772
9448 9566
9373 9485
9845 9930
9861 9926
9629 9780
8734 9536
9485 9710
9965 9975
9887 9890
8058 8823
9723 9744
9807 9929
9879 9892
9876 9962
9719 9884
9938 9950
9908 9995
9902 9992
9485 9606
9382 9813
9931 9957
9173 9504
9937 9972
9937 9958
9899 9904
9952 9985
9767 9824
9192 9280
9853 9952
9891 9895
9868 9983
9739 9909
9911 9934
9845 9850
9910 9924
7881 9329
9902 9999
9925 9980
9125 9969
9923 9971
9836 9919
9748 9907
9977 9997
9657 9897
9411 9589
9901 9918
9942 9958
9946 9948
9928 9972
9828 9948
9968 9983
9893 9991
9881 9993
9979 9990
9935 9942
9953 9957
9950 9958
9955 9986
9328 9777
9772 9816
7875 9549
9929 9985
9411 9848
9956 9969
9953 9973
9974 9992
9917 9944
9971 9976
6745 8190
9721 9815
9053 9081
4532 6228
9698 9927
9847 9904
9876 9881
9066 9951
9862 9959
9874 9926
9892 9973
6211 9175
8317 8770
9700 9804
9297 9841
9577 9891
9863 9966
7767 9822
9840 9919
4176 6818
8496 8630
9591 9716
9962 9994
9952 9965
9505 9557
9972 9999
9798 9931
9841 9966
9716 9728
9946 9952
9824 9974
9689 9907
9872 9895
9928 9946
9701 9936
9770 9827
9700 9732
9908 9917
9955 9967
9954 9997
9813 9893
9777 9940
9749 9963
9958 9990
9595 9683
9778 9928
9701 9926
9045 9963
9924 9947
9710 9884
9127 9948
9757 9867
9841 9851
9764 9849
9430 9550
9936 9981
9701 9708
9938 9960
9644 9732
9974 9977
9907 9927
9964 9996
9968 9979
9946 9984
9948 9976
9784 9842
9940 9964
9872 9900
9872 9892
9769 9802
9652 9846
9804 9848
9672 9777
9392 9949
9869 9911
9804 9877
9959 9997
9810 9858
9835 9927
9867 9991
9843 9916
9952 9999
9696 9731
8629 8739
9710 9977
9241 9643
9810 9923
9949 9972
7622 7712
9790 9822
9946 9957
9851 9998
5522 7405
9844 9869
9288 9467
7879 8415
9976 9997
8989 9240
9968 9976
9430 9486
9917 9968
9609 9683
9599 9747
9943 9972
9948 9968
9881 9982
9770 9889
9980 9991
9911 9948
9962 9967
9969 9994
9267 9592
9882 9983
9810 9910
9821 9838
9951 9978
9888 9904
9506 9898
9939 9943
9784 9952
6851 7344
9953 9966
9894 9895
9849 9866
9397 9711
9901 9972
9792 9899
8695 9877
9869 9935
9829 9945
9878 9897
8695 9903
9716 9952
9677 9909
9804 9993
9918 9952
9845 9873
9936 9945
6639 7850
6851 8758
9655 9869
9896 9902
9977 9999
9969 9979
9946 9962
9746 9754
9922 9978
9714 9907
9750 9982
9895 9918
8190 9891
9880 9891
9849 9880
8892 9630
8043 8076
9914 9961
7148 9634
9329 9504
9880 9962
9961 9994
8097 8929
9578 9657
9944 9996
9591 9731
9838 9847
9929 9982
9859 9973
9905 9991
9893 9898
9936 9953
9872 9993
9756 9989
9880 9934
9125 9346
8415 9757
9486 9640
9896 9991
9869 9870
7850 9363
9952 9983
9843 9988
9779 9990
9666 9830
9899 9933
6608 7078
9648 9976
9962 9984
9241 9814
9869 9939
9847 9918
9921 9938
9967 9969
8631 8927
9695 9842
9280 9454
9935 9986
9950 9991
9893 9999
8781 9793
9869 9934
9952 9955
9937 9947
9941 9976
7989 8117
9880 9914
7572 9253
9917 9936
9815 9924
9557 9993
9515 9550
9899 9994
9807 9928
9455 9468
5933 9948
9300 9804
9828 9991
9957 9988
9879 9998
9938 9961
9796 9814
9728 9748
9948 9965
9962 9964
9039 9650
9908 9967
9894 9928
9868 9967
9973 9997
9941 9945
5505 9879
9943 9995
9965 9983
9772 9951
9928 9990
9902 9923
9958 9999
9968 9974
9925 9954
9840 9854
9860 9862
9838 9976
9953 9990
9546 9757
9421 9718
9712 9919
9770 9806
9615 9874
9798 9872
9941 9962
5933 8850
9957 9994
9022 9088
9929 9973
9815 9849
9950 9987
9749 9996
9139 9277
9960 9988
9929 9947
9950 9974
9844 9871
9907 9986
9579 9959
9119 9565
9550 9781
9948 9973
9595 9809
9756 9969
9900 9978
9933 9967
9800 9879
9928 9966
9918 9923
9901 9926
9588 9755
9952 9989
9287 9459
9945 9988
9930 9947
6333 7463
9955 9977
9718 9950
9949 9975
9630 9872
9938 9984
9044 9130
9971 9994
9804 9813
9980 9997
9968 9994
9954 9978
9906 9931
9926 9949
9297 9439
9674 9839
9772 9892
9657 9787
9701 9727
7752 8304
9942 9953
9884 9919
9805 9964
9486 9739
9960 9977
9886 9994
9750 9806
9937 9967
9958 9977
9922 9932
9838 9963
9095 9798
9958 9984
9822 9975
9958 9970
6671 7711
9965 9978
8631 9176
9722 9800
9695 9861
9858 9869
9850 9988
9745 9963
9860 9977
9859 9926
9922 9991
9782 9922
9901 9984
9731 9937
9904 9989
9927 9971
9550 9953
7078 8975
3990 4771
9829 9949
9862 9937
9935 9993
9969 9996
9955 9966
9871 9919
9958 9983
9501 9688
9504 9624
9881 9889
8976 9103
9930 9999
9942 9967
9944 9997
9936 9955
9836 9848
9924 9931
9923 9954
9830 9871
9898 9916
9941 9996
9938 9940
9908 9969
8749 9415
9946 9977
9105 9333
9687 9935
9936 9939
9766 9996
9892 9945
9553 9710
9939 9981
9962 9987
5522 8515
9945 9970
9851 9989
9805 9902
9933 9951
9577 9835
9901 9971
9719 9735
7893 8108
9241 9405
8734 8812
9927 9937
9933 9938
9462 9860
9541 9610
9978 9986
9916 9931
9924 9956
9832 9856
4532 8063
9934 9994
8253 9537
9696 9860
9922 9959
9958 9993
9273 9979
9840 9897
9447 9776
8763 9035
7711 8154
9906 9945
9890 9953
9767 9786
9895 9921
9953 9968
9915 9969
6651 7905
9907 9935
9643 9758
9655 9878
9467 9927
9942 9943
9566 9741
9893 9924
9926 9965
9980 9981
9937 9945
9832 9881
9267 9601
9590 9985
9713 9949
8260 9978
9853 9859
9924 9996
9793 9964
9778 9856
9758 9908
9840 9845
9931 9959
8705 9906
9937 9940
9913 9928
9922 9944
8781 9530
9548 9668
9802 9814
9916 9975
9968 9980
9906 9989
9530 9941
9915 9934
9468 9925
9177 9431
8749 9729
9952 9982
9949 9993
9961 9975
9741 9896
9799 9821
9851 9956
9415 9478
9908 9989
9951 9972
9872 9914
9880 9991
7711 7900
9941 9998
9484 9570
9580 9961
9971 9987
9898 9936
9913 9927
9863 9874
9053 9573
9234 9855
9940 9976
9683 9847
9806 9985
9935 9968
9960 9989
5505 5924
9748 9924
9589 9721
9886 9930
9969 9986
9966 9991
9625 9881
9177 9214
9672 9984
9790 9990
9550 9705
9933 9991
9921 9952
9948 9969
8629 9878
9862 9873
9837 9979
9790 9799
9828 9987
9686 9818
9022 9501
9849 9887
9790 9973
9929 9944
9195 9221
9657 9899
9962 9965
9020 9615
9338 9705
9945 9973
9714 9910
9934 9969
9687 9871
9929 9933
7712 8323
9804 9916
9757 9803
9849 9914
9725 9923
9931 9966
8617 9715
9835 9999
9980 9987
9818 9982
9834 9838
9907 9994
9920 9922
9939 9959
9943 9993
9713 9789
9937 9971
9872 9956
9904 9980
9942 9966
9853 9981
9910 9971
9933 9945
9821 9862
9779 9920
9224 9972
9915 9991
9916 9955
9941 9966
8673 9872
9867 9990
9855 9900
9870 9995
8989 9365
9803 9970
9179 9937
9329 9721
9504 9633
9728 9752
9927 9936
9888 9899
9921 9958
9887 9991
9873 9944
9782 9969
9496 9671
9748 9948
9708 9780
9932 9948
9840 9881
8557 9424
9117 9444
9461 9773
9267 9854
9897 9937
9941 9947
9871 9886
9538 9962
9940 9979
9898 9917
9952 9976
9898 9974
9918 9932
9323 9685
8576 9591
9881 9919
9969 9980
9802 9964
8501 9216
9968 9993
9821 9946
9963 9984
9900 9939
9666 9778
9643 9955
9935 9963
9487 9880
9891 9956
9936 9971
9826 9897
9666 9704
9891 9975
9094 9638
6651 7231
9959 9986
9912 9950
9778 9901
9143 9891
9854 9927
9906 9919
9583 9889
8734 9980
9949 9997
9717 9934
9415 9720
9915 9987
9934 9951
9338 9760
6228 9600
9786 9842
9966 9982
9846 9954
9837 9916
9940 9968
9620 9847
9929 9949
9860 9880
9867 9972
9396 9892
9976 9999
9916 9993
9815 9998
9937 9956
9822 9872
9756 9938
7901 9371
9963 9968
9487 9629
9920 9961
9631 9652
9970 9977
9714 9727
9951 9959
9895 9922
9733 9918
9900 9977
9915 9974
8850 9607
8734 8982
9886 9918
8190 9822
9813 9979
9745 9777
9396 9793
9965 9976
9807 9921
9405 9640
9787 9895
9893 9959
9873 9978
9816 9962
9486 9863
9359 9403
9855 9921
9872 9887
9937 9974
9895 9988
9949 9961
9780 9861
9728 9788
9577 9600
9804 9849
3369 6275
9952 9998
9939 9965
9835 9992
9869 9887
9912 9944
9942 9961
9977 9979
9608 9805
9966 9998
9781 9841
9851 9873
9652 9733
9948 9999
9945 9974
9856 9923
9962 9979
8982 9867
9938 9966
9921 9987
6608 6973
9939 9988
9867 9874
8323 9995
9946 9999
9789 9846
9816 9991
7119 8218
9718 9811
9886 9935
9799 9800
9869 9975
9746 9811
9948 9988
9906 9975
9974 9994
9769 9871
6885 9166
9798 9898
9799 9807
9892 9944
9866 9942
9959 9999
9869 9970
9936 9941
6196 9173
9918 9925
9711 9816
9919 9990
9939 9949
9746 9785
9958 9975
9865 9990
9953 9994
9950 9963
9928 9952
9840 9916
9965 9981
9103 9110
9643 9714
9906 9932
9822 9860
9891 9974
9256 9519
9701 9788
9962 9991
9328 9335
9872 9894
9888 9947
9863 9908
9808 9969
9948 9963
9937 9960
9974 9998
9889 9986
9871 9921
9643 9949
9504 9733
9650 9899
9748 9787
9939 9944
8695 9305
9799 9910
9564 9565
9930 9945
9642 9913
9428 9832
9956 9979
9835 9849
9958 9968
9900 9941
9894 9959
8154 9146
9665 9707
9964 9982
9110 9849
9930 9977
9935 9991
9890 9913
9818 9844
9643 9862
9805 9880
9897 9956
9940 9947
9917 9949
9861 9884
9798 9996
9731 9769
9846 9851
9939 9994
9899 9935
1705 4109
9728 9845
9890 9894
9767 9864
9823 9970
9967 9983
9891 9911
9879 9907
9953 9980
9897 9965
9942 9960
9952 9975
9951 9963
9647 9734
9900 9989
9754 9821
9840 9976
9952 9988
9649 9895
9911 9973
9908 9961
9804 9806
9644 9863
9977 9995
9799 9946
9948 9987
9866 9900
9801 9868
9964 9993
6410 9764
9747 9857
9824 9963
9966 9985
9902 9987
9964 9977
9937 9969
9894 9956
9846 9957
9967 9978
9863 9883
9886 9896
9578 9713
6882 7050
9742 9828
9924 9985
9973 9978
9927 9981
9854 9871
9941 9942
9942 9944
9521 9830
9600 9835
9570 9618
9907 9951
9624 9694
9963 9981
9696 9753
9910 9912
6839 8771
9822 9863
9577 9984
9928 9957
9902 9925
9852 9950
9809 9979
9907 9996
9757 9799
9873 9885
1710 2736
9935 9978
9790 9875
9411 9451
9795 9797
8496 9316
9932 9975
9107 9964
9821 9856
9821 9897
9912 9919
9886 9982
9918 9989
9944 9964
9592 9692
9878 9926
9851 9882
9962 9989
9631 9724
9705 9920
9928 9938
9975 9991
9822 9844
9938 9989
5660 6049
9919 9932
9844 9960
9877 9997
7214 9497
9963 9994
9933 9998
9968 9991
9533 9642
9821 9894
9749 9777
9944 9988
9787 9799
9941 9994
9813 9973
9878 9940
9944 9982
9719 9812
9606 9865
9878 9943
9955 9996
9723 9839
9897 9961
7881 9402
9617 9823
9609 9837
9797 9978
9546 9675
9913 9930
9879 9911
9634 9637
9970 9981
6275 6950
9912 9969
9534 9891
9963 9986
9620 9970
9952 9958
9782 9908
9954 9968
9959 9977
9943 9948
9879 9919
9778 9840
9922 9989
9444 9757
9952 9992
9934 9952
9806 9956
9926 9998
9817 9819
9870 9889
9827 9956
9853 9919
9919 9947
9914 9963
9566 9772
9467 9609
8811 9505
9860 9939
7879 8501
9965 9967
9871 9891
9719 9784
7231 9968
9842 9849
4543 5738
9894 9950
9789 9796
9702 9844
4176 9244
9919 9950
9919 9979
9956 9966
9810 9982
8043 8064
9757 9969
9841 9887
9770 9933
9961 9963
6745 8758
9911 9927
9277 9553
9910 9946
9750 9893
9788 9951
9783 9932
9600 9664
9723 9854
9940 9984
9909 9917
9966 9992
7850 8150
9415 9597
9750 9783
9795 9819
9454 9600
8704 9380
9882 9987
8976 9171
9919 9923
9455 9538
9396 9987
9844 9870
9952 9991
9794 9885
9459 9887
9583 9878
9849 9933
9543 9684
9871 9959
9924 9933
9818 9976
9789 9804
9849 9943
9780 9985
9922 9990
9878 9967
9022 9436
9550 9626
7881 9498
9810 9972
9477 9888
6333 8319
9973 9995
9938 9979
8260 9260
9081 9337
9846 9980
9844 9872
9822 9884
9937 9941
4109 5294
9643 9964
9631 9988
9887 9975
9928 9981
9954 9990
9904 9946
9882 9973
9934 9962
9625 9703
9888 9960
9724 9988
9869 9960
9933 9952
9670 9725
9956 9993
9947 9982
9917 9937
9919 9986
9913 9918
8015 9882
9828 9934
9801 9870
9781 9897
9959 9991
9878 9912
9903 9921
9941 9943
9959 9980
9880 9951
9491 9756
9928 9970
9550 9704
9821 9836
9701 9965
9735 9782
9907 9925
9929 9984
9911 9919
9964 9995
9712 9875
9929 9968
9970 9971
9599 9649
9800 9885
4289 5117
9652 9835
9835 9851
9380 9809
9949 9967
9822 9878
9945 9982
9920 9968
9847 9890
9900 9999
9945 9954
9710 9821
9131 9986
9869 9964
9880 9881
9368 9863
9966 9969
9948 9998
9289 9515
9371 9639
9631 9961
9769 9900
9329 9752
9768 9858
9919 9941
9626 9996
9402 9697
9894 9906
9821 9915
9919 9956
9929 9951
9664 9763
9857 9883
9941 9944
9910 9938
9908 9930
9815 9953
9860 9866
9787 9956
9619 9641
9968 9984
9931 9934
8936 9973
9902 9928
9778 9846
9950 9953
9948 9953
9931 9977
9405 9770
9919 9988
9756 9844
9968 9987
7879 9425
9618 9623
9862 9927
9907 9997
9928 9987
0 3707
9953 9985
9919 9940
9711 9950
9968 9972
9938 9969
9894 9971
9800 9970
8150 9507
9410 9793
9253 9255
9597 9940
6049 6311
9714 9856
9396 9969
9894 9935
9942 9991
9553 9895
9836 9907
9654 9665
9867 9873
9950 9993
9887 9914
9950 9999
9818 9956
9783 9888
9861 9868
9856 9894
9674 9920
4627 9747
8501 8730
9955 9990
6651 8846
9917 9930
9926 9996
9923 9943
9757 9941
9924 9964
9916 9979
9856 9902
9720 9745
8576 8728
9405 9452
8629 8695
9925 9937
9905 9988
9924 9940
9923 9931
9954 9995
5738 8824
9600 9697
9863 9931
9934 9954
9843 9855
9703 9838
9939 9989
9687 9828
9834 9835
9900 9979
9712 9870
9868 9968
9920 9931
9891 9989
9577 9814
9712 9985
9925 9939
9713 9767
9529 9927
9698 9824
9951 9984
8147 9579
9805 9855
9889 9942
9957 9995
8794 9029
9733 9873
9966 9973
6049 6889
9392 9801
9617 9974
9924 9926
9787 9848
9920 9948
9496 9861
9916 9933
9563 9800
9846 9949
9839 9871
9117 9375
9260 9700
9878 9933
9921 9947
9941 9972
9967 9979
9921 9966
9930 9952
9851 9977
9863 9875
9553 9563
9642 9960
9396 9732
9381 9934
9813 9978
9927 9984
9592 9920
9906 9965
9728 9758
9956 9962
9773 9846
9868 9919
9919 9984
9897 9930
9951 9988
9904 9926
9716 9995
9698 9820
9968 9977
9894 9903
9848 9859
9848 9933
9553 9591
9227 9639
9891 9952
9652 9784
9921 9998
9925 9941
8982 9030
9421 9648
9095 9847
9563 9921
9926 9951
9323 9806
9790 9838
9754 9828
9940 9985
9964 9975
9920 9979
7321 8872
9848 9984
9784 9948
6211 7863
9821 9920
9925 9946
9966 9989
8758 9739
9786 9915
9093 9682
9769 9819
9844 9853
9367 9454
9684 9729
7711 9452
9895 9902
9914 9968
9963 9971
8793 9952
7463 8883
7050 8498
9308 9522
9735 9823
9803 9867
9949 9951
9284 9465
9643 9689
9468 9941
9286 9658
8839 9063
9491 9796
9053 9807
9943 9999
9879 9941
9938 9995
9822 9898
9941 9990
9970 9990
9505 9822
9941 9997
9889 9939
9966 9997
9841 9970
9824 9976
9823 9953
9848 9915
9853 9943
9728 9981
9797 9947
9465 9510
8771 9646
9897 9935
9930 9998
9365 9491
9950 9962
9780 9918
9959 9992
9951 9986
9801 9960
9088 9939
9909 9912
9782 9949
9599 9802
9701 9716
9968 9975
9928 9929
9933 9946
9676 9760
9937 9938
9886 9997
9927 9942
8319 8926
9785 9866
9689 9790
9917 9931
8189 9421
9932 9973
9553 9669
9904 9942
9671 9756
9947 9983
9919 9943
9959 9990
7214 7260
9908 9911
9570 9620
9964 9966
9941 9986
9891 9901
9960 9982
9852 9910
9801 9882
9848 9932
9786 9823
6889 9120
9913 9955
9912 9926
9890 9955
9728 9992
8705 9630
9768 9951
9927 9944
9900 9920
7893 9865
5933 8553
9682 9698
9466 9754
5505 9092
9179 9865
9676 9990
9837 9857
9538 9737
9607 9875
9870 9991
9946 9964
9666 9882
9424 9800
9856 9963
9651 9787
9958 9986
9891 9980
7405 7453
9718 9978
9882 9937
9905 9943
9714 9964
9769 9982
9872 9971
8976 9524
9546 9799
9854 9947
9882 9903
9619 9940
9195 9966
6211 9557
9955 9984
9668 9811
9808 9874
9403 9807
9921 9953
9891 9987
9879 9984
9958 9994
9722 9803
9794 9891
9870 9971
9930 9984
9127 9560
9887 9953
8695 9971
8816 9360
9917 9954
9869 9877
9642 9841
9577 9951
9906 9912
9053 9218
9094 9806
9797 9994
9638 9989
9977 9982
9895 9925
9921 9923
9871 9992
9742 9952
9845 9938
9953 9979
9806 9883
9967 9981
8816 9374
9920 9984
9942 9949
8576 9592
7863 9577
9921 9950
9833 9932
9966 9970
9286 9780
9940 9980
9806 9984
9730 9968
9931 9991
9929 9943
9965 9972
9730 9955
9828 9972
9910 9930
9769 9779
9796 9915
9606 9936
9892 9953
9835 9904
9880 9940
9912 9992
9640 9878
9652 9960
9863 9901
9954 9962
9695 9910
9922 9938
9468 9992
9937 9977
9458 9969
8278 9314
9878 9920
9618 9926
9914 9974
9099 9222
9874 9932
9792 9993
9782 9879
8758 9573
9739 9881
9892 9911
9846 9994
9789 9901
9923 9957
9885 9936
9665 9777
9373 9496
9869 9902
9956 9999
9173 9491
7752 8723
9928 9931
9757 9865
9927 9972
9919 9925
9799 9961
9844 9965
9936 9964
9936 9975
9869 9983
9452 9837
9937 9975
9944 9983
9801 9900
9941 9971
9806 9815
9860 9979
9967 9968
8704 9725
9802 9905
9481 9556
9770 9856
9308 9699
9939 9975
9781 9951
9886 9916
9421 9454
9878 9961
9923 9967
8926 9099
9800 9852
9936 9966
7721 9948
9444 9794
9599 9934
9832 9834
9739 9936
9801 9871
9828 9919
9790 9889
9549 9811
9862 9903
9732 9986
9934 9977
9577 9779
9886 9974
9951 9989
9953 9956
9949 9959
9964 9994
9978 9987
9941 9950
9802 9898
8824 9023
9697 9906
9910 9933
9916 9996
9945 9985
9879 9934
9797 9859
9778 9819
9958 9967
9651 9792
9940 9998
9857 9994
9954 9964
9910 9937
9468 9527
9856 9875
9847 9957
9719 9896
9642 9679
9858 9908
6639 9019
7100 9419
9964 9985
9255 9774
9789 9810
9468 9780
9579 9977
9969 9987
9806 9818
9648 9744
8824 8970
9600 9800
9923 9937
9808 9904
6885 9279
9832 9893
9468 9981
9557 9928
9934 9982
9916 9944
9841 9849
9686 9995
9881 9882
9935 9972
9927 9928
9943 9987
9806 9905
9897 9981
9925 9961
9685 9966
5571 6362
9732 9772
9763 9934
9953 9960
9712 9921
8898 8998
9279 9430
9949 9983
9131 9659
9971 9993
9729 9777
9938 9946
9935 9936
9963 9972
9904 9919
6049 8565
9933 9947
9957 9977
9762 9834
9927 9940
9850 9985
9918 9984
5117 6428
9581 9682
9829 9951
9886 9940
7019 8507
9900 9962
9953 9969
9822 9986
8501 9535
9748 9839
9725 9840
9903 9962
9952 9986
9960 9969
9941 9982
9912 9956
7050 9907
9819 9826
9946 9988
9952 9984
9861 9962
9666 9820
9769 9844
9705 9872
8770 9646
9924 9949
9713 9922
9728 9971
9505 9665
9863 9990
9179 9497
9882 9913
9524 9833
9932 9978
9688 9845
9811 9967
9858 9901
9917 9974
9917 9956
9943 9955
9731 9846
9894 9985
9913 9996
9909 9918
9767 9911
9139 9622
7767 7956
9846 9944
9752 9824
9436 9875
9837 9943
9789 9929
9521 9760
9881 9924
9903 9951
9452 9922
7321 9708
7019 8157
8929 9854
9824 9861
9866 9882
9913 9938
9810 9945
9689 9899
9916 9954
8157 9939
6851 8454
9885 9915
9600 9763
9849 9988
9811 9837
9898 9906
9530 9961
9197 9954
9905 9920
3707 9399
9803 9964
9374 9858
9923 9926
9949 9976
9629 9896
6311 7279
9701 9761
9907 9982
5853 7117
9940 9957
9911 9962
9871 9946
9778 9914
9965 9996
9918 9966
8313 8546
9808 9898
9876 9989
9535 9927
9754 9838
9651 9948
9839 9961
9316 9746
9697 9805
9953 9998
9779 9805
9898 9972
9874 9986
9664 9905
9943 9974
9841 9872
9789 9794
9923 9924
9848 9870
9798 9911
9875 9991
9828 9945
9900 9951
9870 9916
9885 9888
9925 9947
9760 9856
9675 9889
9894 9988
9931 9962
9844 9934
9945 9981
9938 9947
9930 9974
9842 9989
9773 9835
9899 9969
9579 9858
9839 9951
9792 9995
9944 9947
9728 9983
9433 9477
9918 9995
8776 8953
9804 9819
9937 9997
9776 9891
9941 9977
9640 9683
9788 9907
9729 9963
9868 9957
9960 9985
9373 9375
9949 9964
9921 9925
9907 9955
9842 9848
9956 9988
9918 9919
8739 9122
9848 9929
9701 9702
9926 9945
9690 9711
9888 9954
8399 8900
9917 9957
9782 9954
9907 9990
9787 9906
9941 9964
9701 9909
9500 9929
6671 9886
6984 8062
9906 9966
9770 9869
9419 9611
9819 9977
9929 9941
9839 9925
9921 9961
9920 9938
9777 9802
9866 9977
9891 9942
3707 4903
9346 9716
9674 9766
9668 9965
9956 9986
9888 9976
9811 9847
9820 9962
8043 8706
9374 9602
9903 9986
9908 9956
9931 9987
9728 9949
9910 9915
9955 9956
9766 9768
8781 9698
9744 9795
8953 9798
8953 9229
9936 9983
9732 9752
9573 9800
9968 9985
9942 9971
9914 9981
9216 9807
9095 9359
9761 9790
9913 9964
9910 9920
9861 9994
9918 9957
8730 9176
9849 9882
9557 9860
9557 9593
9777 9991
9863 9954
9950 9960
9625 9774
9828 9895
9940 9982
9923 9992
9044 9489
9777 9888
9639 9836
9842 9919
9107 9975
9876 9944
9849 9990
9938 9990
9583 9928
9466 9767
9932 9938
7121 9480
9360 9939
9947 9975
9872 9985
9676 9929
9935 9952
9522 9586
9221 9364
9950 9975
9830 9836
9939 9979
9941 9967
9301 9594
9227 9413
8363 9799
9799 9896
9876 9960
9906 9972
9942 9945
9741 9830
8189 8521
9758 9824
8521 9056
9840 9984
9522 9939
9924 9945
9177 9831
9872 9912
7622 9889
9932 9974
9368 9470
9600 9841
9940 9990
9953 9986
9809 9963
9778 9812
9902 9936
9901 9947
9640 9697
9960 9964
9937 9982
9927 9990
9926 9997
9875 9960
9871 9888
9701 9892
9780 9923
9956 9957
9664 9678
9900 9980
9936 9996
9915 9929
9179 9857
9625 9807
9794 9826
9914 9918
9691 9740
9701 9907
9886 9891
8872 9067
9809 9862
1710 7787
9360 9366
9486 9695
9957 9976
9871 9964
9901 9933
9951 9990
9815 9905
9136 9156
9841 9889
9767 9991
9823 9906
9948 9961
9878 9899
9926 9990
9634 9943
8064 9499
9697 9791
9364 9421
5924 9961
9918 9926
9683 9876
9643 9927
6950 9630
9415 9512
9052 9618
9888 9993
9857 9898
5505 8295
9933 9960
9917 9945
9955 9973
7344 9440
6745 6834
9923 9989
7901 9278
9800 9910
9497 9712
9918 9924
9781 9921
7879 9069
9637 9805
9452 9568
9477 9638
9770 9823
9934 9980
9338 9836
9842 9936
9863 9968
9250 9949
9937 9980
9939 9999
9809 9845
9934 9941
9533 9895
9931 9976
9814 9962
9860 9982
9954 9984
9913 9995
9752 9807
9230 9503
9944 9958
9411 9461
9840 9923
9826 9953
9792 9878
9948 9978
9646 9910
9810 9929
9611 9926
9705 9757
9548 9667
9958 9988
9799 9913
9922 9948
9911 9995
9927 9935
9884 9934
9934 9966
9696 9763
9861 9908
9578 9754
9397 9603
8771 9460
9872 9984
9939 9991
9817 9879
9069 9460
9733 9878
9870 9984
9875 9995
9828 9925
9795 9947
9957 9999
9899 9983
9891 9906
9943 9988
8811 9080
9806 9971
9363 9623
9035 9896
9907 9929
9563 9648
9836 9961
9951 9964
9944 9972
9938 9992
9968 9998
4903 5266
9777 9806
9823 9921
8255 9783
9921 9946
9035 9148
8319 9744
9923 9990
9911 9938
9880 9933
9934 9955
8953 9537
9928 9996
9810 9896
9950 9954
9733 9856
9824 9999
9919 9922
9863 9999
9853 9933
9506 9755
9842 9959
9919 9954
9487 9517
7344 9769
9962 9972
7231 9101
9924 9984
9905 9915
9775 9805
9820 9991
9922 9935
9438 9851
9501 9700
8739 9751
7321 9104
9437 9923
9790 9976
9960 9966
9682 9753
9739 9832
9854 9889
9939 9969
9865 9927
9953 9967
6275 8325
9851 9993
9904 9905
9952 9971
9838 9855
9770 9776
9874 9953
9916 9957
9897 9979
9166 9193
9421 9746
4771 6830
9716 9825
9947 9996
9956 9959
9658 9858
9548 9956
8363 9837
9799 9845
9731 9880
9828 9976
9912 9964
9629 9645
9903 9954
9646 9739
9858 9936
9711 9938
9923 9997
9872 9875
8975 9664
9968 9995
9924 9925
9619 9792
9591 9669
9874 9924
8252 9240
9963 9974
9735 9919
9851 9868
9879 9988
9856 9911
9921 9972
9814 9899
9954 9987
9908 9943
4543 9962
9747 9800
9865 9996
9841 9937
9923 9949
9023 9669
9800 9999
8758 9128
9903 9975
9380 9636
9424 9663
9630 9737
9804 9834
9630 9734
9926 9950
9881 9959
9887 9889
9925 9953
9842 9930
9714 9847
9828 9959
9718 9970
9911 9987
9856 9874
8062 8350
9920 9976
9533 9698
9911 9994
9368 9467
9894 9941
9914 9935
9918 9927
9687 9966
9646 9653
9957 9965
9407 9950
9171 9357
9930 9964
9597 9907
9927 9988
9853 9906
9872 9972
9926 9991
9836 9905
9577 9869
9919 9975
9918 9978
9160 9955
9823 9857
9676 9722
9931 9943
9824 9975
9777 9793
9447 9998
9931 9997
9927 9953
9094 9182
9927 9973
9868 9921
9963 9996
9905 9941
9646 9984
9683 9753
9934 9965
9946 9974
9230 9242
9933 9961
9934 9978
9943 9989
9801 9802
9838 9941
9959 9993
9804 9928
9267 9737
9948 9957
9931 9984
9798 9818
9939 9954
9921 9997
9962 9963
9487 9761
9766 9832
9609 9849
8975 9110
9807 9983
9122 9361
9971 9995
9711 9865
9770 9832
9847 9988
9703 9755
9927 9983
5522 8731
9953 9959
9299 9400
9924 9960
9922 9995
9910 9969
4109 5633
8953 9637
9908 9912
9838 9842
9866 9917
9848 9978
9937 9970
9945 9991
8975 9410
9895 9932
9777 9996
9928 9985
9838 9956
9811 9943
9844 9892
9958 9974
9876 9919
9895 9973
9714 9889
9391 9639
9922 9985
9611 9620
9816 9859
9804 9940
9776 9904
8557 9237
9256 9673
9822 9959
9906 9952
8507 9243
9716 9885
9919 9983
9882 9931
9669 9905
9646 9958
9871 9996
9918 9959
8255 8502
9822 9832
9938 9991
9744 9869
9787 9849
9837 9887
9900 9934
8793 9496
9713 9956
9439 9886
9908 9937
9921 9979
9896 9905
9919 9929
9863 9938
9716 9776
9955 9965
9871 9893
9896 9933
9926 9928
9533 9833
9951 9973
9945 9967
9725 9877
9537 9809
9895 9997
9821 9840
9768 9966
9697 9751
9430 9658
9757 9853
9804 9934
9844 9971
9735 9790
9882 9886
9821 9930
9870 9972
9953 9989
9824 9830
9685 9907
9721 9748
9436 9569
9925 9940
9937 9986
9925 9995
9893 9916
9460 9778
9825 9920
9799 9808
9917 9994
9919 9992
9811 9816
9923 9953
9712 9979
9869 9956
9942 9950
9615 9971
6830 7853
9920 9925
9790 9884
9920 9983
8781 9019
9945 9984
9926 9999
9875 9928
9872 9959
9117 9546
8816 9856
9789 9911
9928 9968
9781 9945
9962 9985
9799 9954
9733 9957
9847 9913
9879 9946
8062 8770
9849 9888
9926 9927
9875 9924
9933 9955
8731 9373
8953 9679
9959 9987
9515 9788
9936 9962
9359 9798
9316 9696
9919 9965
9885 9905
9782 9956
9899 9951
9793 9910
9925 9996
9882 9911
9935 9971
7939 9939
9973 9977
9961 9997
9894 9930
9597 9705
9940 9942
9645 9745
9505 9974
9593 9721
9329 9414
9855 9879
9910 9947
9929 9960
9701 9864
9941 9989
9930 9944
9962 9981
9734 9844
9784 9964
9882 9925
9938 9981
9242 9913
9926 9960
9911 9954
9907 9954
9816 9874
9763 9985
9944 9977
9799 9853
9961 9993
9773 9847
9648 9857
9930 9954
9965 9994
9591 9912
9930 9987
9382 9632
9721 9855
9929 9976
9846 9947
9863 9981
9944 9986
9874 9940
9758 9775
9553 9911
9807 9838
8521 9019
9920 9945
6651 8825
9267 9287
9947 9995
9642 9762
8700 9785
9371 9699
9888 9927
9938 9972
9807 9926
8541 9484
9832 9928
9943 9958
9676 9711
9731 9843
6311 9795
9876 9908
9793 9802
9855 9971
9763 9891
9421 9435
9710 9916
9781 9853
9772 9928
9833 9872
9720 9935
9963 9991
9947 9974
9193 9926
9711 9915
9790 9917
9903 9960
9750 9865
9934 9946
9452 9987
9780 9949
9533 9666
9776 9785
8631 9749
9664 9901
9944 9959
9632 9799
9721 9833
9872 9915
9402 9857
9916 9926
8758 9298
9804 9879
9763 9879
9197 9805
9923 9942
9844 9906
9648 9926
9844 9884
9938 9952
9823 9934
9883 9898
7863 9933
9744 9755
9941 9983
9856 9977
9600 9818
9053 9938
9772 9784
9959 9976
9316 9935
9754 9793
9852 9931
9039 9816
9847 9914
9751 9988
9945 9947
9674 9790
9638 9700
9857 9936
9176 9377
8617 9004
9580 9744
9816 9970
9530 9776
9044 9436
9640 9842
9910 9972
9536 9906
9943 9954
9697 9715
9847 9861
9898 9995
9726 9761
9947 9951
9638 9931
9728 9960
9804 9942
9948 9972
8758 9558
9894 9966
7119 7868
9674 9805
9945 9999
9889 9984
9166 9242
9529 9596
9960 9986
9980 9989
9858 9990
9818 9884
9841 9885
9664 9759
9930 9988
9779 9910
9728 9911
9869 9998
9849 9906
9855 9887
9823 9836
9732 9928
9591 9947
9876 9877
8630 9750
9458 9626
9880 9994
9529 9720
9842 9899
9908 9924
9924 9990
9615 9859
9933 9995
9951 9969
9786 9832
9893 9994
9752 9895
9214 9903
9870 9879
9919 9971
9435 9885
9832 9969
9695 9725
9430 9953
9192 9753
9789 9840
9886 9957
9288 9903
9818 9839
9864 9989
9916 9970
9917 9995
9838 9922
9929 9979
9945 9983
9405 9954
9898 9920
9918 9987
9063 9407
9920 9975
9896 9909
9933 9937
9933 9941
9949 9984
9895 9906
9955 9981
9967 9999
7279 8543
9704 9796
9664 9896
9176 9362
9841 9906
9777 9904
9701 9975
9905 9914
9495 9832
9899 9995
9937 9996
9487 9584
7214 7366
9962 9988
9633 9862
4603 9573
9721 9962
9305 9664
9789 9823
9904 9922
9907 9984
9462 9530
8501 9102
8576 8716
9918 9931
9916 9988
9805 9934
9949 9969
5571 9055
9069 9239
9923 9991
9669 9938
9847 9974
9944 9948
9941 9957
9691 9845
9924 9967
9794 9859
6882 8206
9927 9987
8700 8976
9554 9955
8507 9367
9872 9880
7622 8126
9770 9999
9776 9949
9930 9934
9056 9086
9931 9964
9928 9958
173 1286
9504 9926
9900 9966
9853 9890
9950 9969
9791 9873
9676 9688
9713 9818
9943 9963
9478 9600
9485 9504
9924 9974
9861 9912
7711 9194
9094 9502
9904 9996
9949 9950
9805 9933
9741 9819
9922 9950
9939 9962
9454 9587
9593 9874
9889 9914
9936 9940
9400 9404
8322 9866
9720 9962
9411 9474
9920 9989
9866 9931
9894 9987
9869 9932
9435 9648
9865 9974
9907 9952
9807 9891
9716 9984
8953 9903
9537 9580
9938 9958
9899 9931
9902 9959
9872 9934
9799 9812
9855 9913
9887 9910
9835 9877
9830 9859
9903 9980
9884 9991
9900 9926
9935 9960
9480 9658
9638 9715
7260 9943
9848 9889
9716 9785
9793 9922
9964 9998
9959 9975
9880 9888
9565 9679
8062 9546
9421 9710
173 7111
9964 9999
9903 9942
9954 9975
9592 9618
9942 9947
9936 9995
9833 9979
9733 9845
9956 9980
9846 9885
8317 9001
9912 9972
9228 9675
9944 9966
9845 9916
9632 9706
9907 9962
9838 9951
9933 9988
9865 9972
8976 9971
9931 9982
9655 9741
9943 9977
9491 9540
9849 9868
9738 9928
9962 9999
9756 9988
9856 9863
9634 9824
9947 9966
9854 9950
9757 9773
9930 9993
9960 9990
9909 9967
9515 9935
9767 9789
9633 9638
9838 9983
9732 9966
9901 9959
9887 9888
9778 9965
9946 9968
9769 9897
7752 9055
9868 9869
9825 9972
9617 9972
9926 9978
9886 9917
9727 9751
9906 9995
9381 9772
9030 9981
9515 9613
9874 9903
9955 9957
9809 9846
9888 9890
9894 9978
9020 9137
9934 9935
9943 9994
9565 9752
9927 9994
9957 9978
9884 9979
9799 9899
6228 7576
9308 9973
9359 9865
9924 9962
9798 9892
9502 9628
9914 9933
9802 9851
9944 9975
9691 9774
9767 9844
9892 9920
9823 9903
9910 9999
9863 9941
9961 9968
9682 9982
9724 9839
9880 9895
9410 9522
9521 9876
9900 9905
5553 8422
9917 9973
9937 9950
9922 9949
9782 9880
9944 9953
9847 9963
7711 7987
9359 9660
9854 9977
9822 9978
9960 9996
9942 9996
9799 9847
9630 9875
9926 9966
9665 9943
9962 9986
9879 9927
9608 9940
9910 9935
9849 9901
9695 9776
9941 9956
9444 9884
9746 9927
9840 9943
9914 9916
9898 9994
9396 9982
9845 9853
9905 9956
9891 9894
9618 9921
9734 9906
9858 9894
9867 9904
9799 9975
9906 9983
9880 9894
9897 9914
9812 9830
9697 9818
9954 9994
9766 9830
9823 9889
9867 9876
9910 9949
9830 9975
9872 9978
9941 9975
9631 9832
9787 9989
9865 9956
7121 8095
9664 9716
9708 9909
9915 9943
9919 9972
7787 9287
9839 9950
9600 9920
9396 9462
8936 9248
9755 9854
9821 9867
9769 9936
9851 9926
9948 9956
9787 9981
9842 9975
9879 9928
9931 9995
9682 9683
9925 9970
9925 9950
9904 9991
1705 9876
9898 9901
9506 9974
9857 9931
9857 9890
9939 9941
9798 9825
8565 8700
9848 9975
9255 9576
9474 9815
9947 9969
9717 9918
9710 9889
9658 9860
9930 9992
9633 9652
9756 9815
9891 9941
9876 9928
9550 9971
9871 9942
9435 9805
9958 9963
9873 9989
9910 9953
9346 9374
9905 9985
9944 9965
9796 9968
9930 9955
9910 9916
9832 9992
9287 9433
9937 9949
9460 9770
9933 9984
9905 9908
9929 9989
9954 9959
9884 9923
9099 9242
9872 9879
9939 9946
9938 9967
6228 9029
9927 9978
9497 9717
9279 9383
8757 9392
9953 9961
9801 9962
9638 9939
9462 9882
9856 9904
9579 9972
9859 9956
9935 9969
9798 9835
9939 9945
9951 9957
9586 9898
9705 9974
9910 9940
9844 9947
9949 9994
9882 9990
8015 8552
9854 9979
9888 9987
9967 9985
9946 9990
9954 9973
9782 9863
9831 9948
9710 9863
9940 9967
9593 9785
8063 8418
9527 9541
9241 9884
9892 9997
9470 9584
9793 9893
9845 9976
9639 9878
9764 9827
5522 6690
9965 9998
9733 9822
9665 9766
9735 9888
9890 9979
9649 9799
9752 9970
9853 9865
9405 9478
9960 9984
9868 9904
9655 9672
9840 9941
9933 9957
9785 9990
9943 9973
9365 9791
9927 9939
9601 9659
9573 9776
9815 9831
9846 9941
5924 9669
9579 9775
9920 9939
9956 9981
9940 9997
9886 9920
9069 9280
9879 9982
9931 9963
9752 9778
9715 9963
9525 9807
9847 9856
9882 9984
9796 9946
9836 9847
9946 9981
9881 9905
1705 2173
9954 9985
9887 9899
9536 9683
9560 9728
9618 9912
9500 9901
9782 9924
5505 9573
9288 9548
9776 9867
9916 9918
9880 9945
9801 9993
9421 9855
6882 7444
9800 9977
9949 9963
9648 9747
9919 9970
9940 9977
9846 9948
9917 9962
5566 5657
9323 9473
9480 9997
9954 9970
9917 9981
9160 9200
9878 9985
9925 9987
9798 9896
9849 9977
9840 9861
9861 9886
9912 9966
9652 9945
9891 9896
9947 9984
9867 9899
9127 9328
9906 9909
9644 9741
9738 9897
9849 9955
9826 9950
9844 9868
9863 9944
9802 9917
9522 9765
9631 9879
9104 9226
9621 9951
9764 9813
9937 9948
9882 9980
9737 9898
9960 9970
9956 9997
9915 9926
9535 9677
9227 9820
9959 9996
9865 9898
9359 9656
9940 9988
9876 9967
9682 9805
9757 9888
9847 9986
9887 9993
9903 9910
9895 9910
9371 9935
9915 9946
9887 9996
9975 9977
8324 9778
9750 9966
9880 9957
9897 9989
9705 9772
9899 9925
9830 9974
9933 9994
9828 9965
9951 9954
9906 9944
9901 9903
9902 9927
9815 9999
9371 9609
9701 9804
7905 9281
9886 9929
9615 9964
9737 9903
9788 9789
9945 9998
9836 9969
9909 9961
9868 9980
9936 9980
9506 9639
9637 9985
9768 9805
9954 9961
9333 9752
9941 9973
9698 9894
9857 9998
9823 9884
9878 9956
9485 9741
9737 9981
8794 9016
8700 9575
9664 9685
9872 9909
9023 9834
9884 9997
9821 9973
9930 9958
9950 9995
9891 9955
9963 9997
9890 9921
9955 9969
9752 9933
9859 9966
9242 9678
9884 9902
9911 9912
9776 9817
9846 9877
9242 9404
9407 9445
8816 9330
9818 9932
8174 9071
9600 9639
9906 9962
9791 9805
9495 9527
9664 9850
9857 9953
9824 9876
9949 9989
9747 9935
6690 9166
9943 9980
9487 9871
9898 9930
9392 9508
9862 9987
9919 9987
9716 9753
9160 9396
9724 9762
9862 9870
9958 9971
9930 9986
9805 9858
9754 9852
9955 9987
9731 9927
9773 9903
9900 9983
9399 9416
9780 9825
9363 9587
9800 9807
9940 9943
9887 9942
9927 9952
9944 9981
9848 9925
9928 9994
9945 9962
8200 9557
9927 9968
9595 9813
9943 9962
9909 9934
9592 9614
9891 9899
9864 9917
9396 9456
9776 9952
9842 9904
9872 9965
9903 9943
9878 9944
9925 9973
9959 9973
9804 9812
9929 9931
9905 9977
9928 9979
9940 9975
9924 9970
9550 9699
9906 9992
9755 9971
9658 9791
9784 9852
6847 8645
9790 9951
9902 9960
9896 9908
9775 9935
9859 9909
9943 9965
9505 9809
9587 9716
9804 9964
9804 9938
9929 9932
9815 9861
9857 9864
6651 7974
9555 9587
9832 9840
9861 9924
8108 9784
9667 9894
9117 9493
9818 9840
8700 9303
9907 9913
9835 9934
9498 9543
9592 9677
9965 9977
9763 9912
9947 9960
9779 9808
9956 9968
9642 9836
9865 9948
9955 9959
9742 9811
9947 9949
8324 9758
8823 9037
8770 9814
9683 9749
9670 9932
9669 9774
9694 9822
9481 9667
9961 9990
9799 9952
0 1119
9382 9766
9901 9990
9491 9612
9881 9951
9634 9659
9913 9932
9435 9907
9750 9908
9914 9937
9918 9962
9832 9861
9816 9920
9881 9947
9200 9752
9773 9966
9897 9944
9843 9871
9328 9512
9937 9943
9894 9944
9912 9953
9880 9970
9938 9951
9896 9970
9808 9975
9088 9799
9858 9980
9852 9861
9910 9918
9933 9980
9862 9999
9481 9832
9799 9876
9869 9989
9716 9775
9922 9945
9734 9998
9666 9951
9717 9873
9922 9971
9903 9908
9868 9895
9557 9942
9862 9892
9903 9915
9890 9970
9900 9915
9522 9618
9753 9924
9926 9931
9957 9970
9601 9875
9507 9586
9110 9260
9330 9881
9703 9778
9227 9261
9952 9970
9364 9639
9080 9974
9733 9753
9947 9967
9499 9845
9486 9851
9609 9959
9942 9992
9869 9997
9840 9930
9711 9920
8976 9040
6311 7007
9931 9933
8553 9799
9868 9918
8770 9691
9835 9881
9839 9984
9937 9944
9458 9947
9933 9996
9911 9984
9748 9880
9851 9953
9939 9972
9837 9876
9587 9955
9767 9804
9918 9992
9734 9880
9933 9981
9925 9962
9904 9990
9881 9985
9525 9692
9904 9967
9954 9957
9847 9975
8892 9775
9920 9994
9805 9850
9907 9973
9892 9927
9903 9913
9639 9771
9738 9769
9836 9839
9886 9984
7366 9844
9668 9778
9772 9778
9932 9996
9945 9950
3516 4663
9160 9415
9653 9676
9840 9860
6889 9524
9784 9953
9782 9784
9328 9996
9289 9765
9832 9899
9667 9852
9489 9892
9527 9621
9216 9265
9929 9930
9958 9969
9909 9923
8816 9307
9615 9712
9713 9785
9711 9766
9823 9856
9676 9686
9745 9759
9908 9933
9651 9801
9896 9943
9813 9970
9658 9911
9835 9977
9553 9584
9721 9937
9796 9944
9876 9970
8546 9164
9933 9940
9128 9345
9799 9889
9853 9996
9841 9891
9757 9863
9789 9850
9748 9976
1705 4165
9281 9917
8253 8821
9953 9984
9788 9912
9888 9923
7214 8372
9850 9868
9939 9951
9818 9866
8095 9538
9850 9920
8064 9283
9931 9942
9898 9944
9918 9951
9708 9808
9879 9897
9545 9780
9957 9986
9577 9772
9725 9818
9892 9896
9548 9824
9933 9942
9700 9900
9959 9982
9705 9853
9699 9844
9805 9842
9361 9828
9757 9772
9913 9939
9835 9896
9889 9892
9697 9892
9931 9970
9700 9709
9893 9952
8147 9380
9119 9811
9920 9969
9936 9938
9216 9557
9374 9669
9871 9957
9855 9889
9752 9896
9672 9855
9763 9862
9228 9966
9688 9788
9832 9936
9460 9941
9799 9955
9947 9987
9793 9866
9878 9984
9888 9979
9029 9591
9869 9938
9783 9819
9069 9253
9548 9925
7974 8881
9730 9861
9622 9855
9527 9862
9738 9892
9679 9922
9493 9947
9881 9901
8823 8998
9892 9954
9725 9848
9904 9992
9873 9917
9589 9733
9850 9897
9763 9940
9946 9980
9461 9583
9944 9974
9934 9937
9874 9995
9877 9908
9816 9907
9886 9902
9870 9905
9815 9825
9485 9694
9895 9982
9864 9936
9877 9976
9797 9903
9683 9899
9875 9966
9722 9884
9863 9975
9260 9448
9504 9774
9834 9889
9940 9981
9811 9966
9922 9987
9801 9979
9899 9953
9895 9927
9853 9922
9895 9914
9878 9988
9584 9970
9849 9982
9844 9898
9942 9951
9754 9966
9639 9863
9908 9962
9933 9971
9939 9947
9899 9991
9683 9702
9901 9953
9859 9925
9867 9906
9596 9967
9881 9890
9706 9985
2736 6445
8631 9354
9822 9950
9486 9551
9929 9936
9945 9955
9672 9909
7308 7912
9892 9957
9940 9969
9832 9934
9745 9817
9949 9987
9934 9938
9925 9965
9224 9299
9937 9939
9950 9959
9754 9756
9931 9935
9959 9983
9486 9802
9872 9884
9840 9933
9930 9953
9855 9990
4109 4639
9809 9881
9887 9952
9548 9861
9071 9586
9584 9820
9584 9998
9465 9757
9424 9939
9944 9945
9884 9999
9421 9620
9919 9967
9778 9831
9858 9998
6950 9964
9273 9864
9937 9966
9842 9997
9195 9599
9932 9986
9040 9460
8147 8648
9816 9850
9931 9948
9732 9775
9772 9869
9664 9757
9438 9610
9888 9983
9727 9846
9840 9958
9288 9742
9897 9910
7853 9558
9330 9761
9907 9960
9961 9998
9914 9957
9890 9930
7939 9964
9227 9262
9832 9917
9855 9890
9637 9991
9775 9984
9937 9988
9359 9505
9824 9955
9820 9876
9546 9967
9923 9979
9943 9946
7712 9370
9867 9868
9684 9827
9873 9998
9880 9899
9930 9936
9814 9840
8372 8748
9825 9894
9805 9937
9929 9992
9911 9925
9625 9861
9903 9990
9913 9916
9414 9940
9942 9948
9920 9953
9745 9843
9745 9848
9927 9946
9913 9998
9931 9993
9887 9939
9847 9898
8573 9075
9801 9928
9779 9871
9902 9963
9823 9895
9881 9902
9700 9783
9925 9992
9894 9965
9779 9782
9556 9732
9595 9694
9864 9930
9832 9838
9784 9943
8825 9715
9086 9752
9908 9974
9807 9827
9866 9961
9545 9650
9934 9984
9949 9991
9515 9685
9498 9976
9818 9917
9505 9834
9807 9922
9863 9889
9918 9958
9846 9955
9338 9994
9880 9986
9943 9991
8734 9909
9845 9989
9589 9601
9826 9968
6311 9446
9612 9797
9895 9919
9658 9917
9639 9817
9904 9952
9916 9963
9919 9977
9898 9978
9766 9997
9505 9918
9946 9978
9938 9965
9921 9936
9790 9883
8823 9154
9911 9997
9933 9965
9850 9893
9806 9975
9922 9962
9810 9851
9919 9926
9834 9983
9852 9979
9908 9975
9875 9932
7853 9253
9852 9981
9790 9837
9767 9940
9454 9775
9903 9918
9546 9670
9373 9581
4543 6582
4289 8405
9945 9995
9872 9896
9586 9825
9717 9826
9844 9948
9811 9813
9818 9983
9713 9832
9650 9984
9835 9938
9814 9912
9639 9860
9921 9930
9822 9911
9895 9923
9664 9930
9716 9933
9250 9579
8730 9745
9772 9802
9874 9996
9699 9841
9914 9966
9945 9953
9193 9549
9828 9958
9735 9792
9925 9945
9470 9830
9905 9949
9778 9861
9316 9964
9052 9120
9869 9918
9846 9940
9818 9970
9804 9852
9934 9964
9782 9873
9897 9902
9945 9987
9081 9474
9914 9932
9888 9892
9932 9984
9945 9997
8399 8759
9885 9991
1705 6650
9749 9977
9820 9861
9904 9948
9684 9887
8794 9530
9931 9979
9107 9817
9945 9976
9363 9479
9908 9992
9899 9930
7117 8920
9600 9749
9902 9954
9522 9807
9796 9881
9939 9971
9730 9810
9851 9852
9942 9954
9817 9854
9881 9943
9816 9883
9769 9902
9901 9946
9622 9878
9535 9696
9943 9997
9848 9961
9798 9877
9907 9950
9795 9956
9589 9892
9751 9855
9924 9986
9946 9965
9724 9895
9796 9969
9932 9993
9739 9900
9812 9993
9080 9848
9892 9904
9899 9932
9467 9796
9899 9901
9952 9993
8543 9827
9799 9957
9248 9486
9944 9991
9897 9950
9846 9909
9756 9762
3189 4867
9851 9899
9597 9641
9889 9935
9925 9963
9890 9911
9901 9905
9847 9923
9481 9700
9950 9972
9932 9998
9631 9792
9914 9964
9862 9949
9160 9632
9688 9701
9783 9994
8730 9984
9933 9962
9770 9976
9240 9907
9242 9751
9403 9574
9507 9700
9928 9932
9860 9929
9769 9877
9907 9911
9865 9940
9855 9877
9886 9956
9914 9998
9770 9858
9893 9907
9934 9991
9846 9876
9937 9952
9822 9939
9947 9993
9810 9864
9531 9856
9019 9720
9669 9912
9876 9923
9897 9912
9858 9993
9792 9960
9916 9917
9497 9992
9863 9897
7100 8815
9754 9778
9918 9982
9845 9851
9222 9355
8546 9667
6410 8287
9861 9866
8174 8979
9721 9966
8976 9652
7893 8779
9592 9649
9885 9982
9762 9854
8507 8702
9421 9480
9857 9946
9902 9930
9857 9867
9530 9696
9804 9918
8973 9082
9968 9996
9905 9910
9944 9998
9405 9977
9900 9924
9776 9970
8700 9069
9918 9967
9804 9913
9940 9992
9942 9998
9242 9379
9577 9788
9772 9844
9485 9529
8730 9813
9484 9855
9739 9971
9953 9963
8975 9849
9493 9703
9895 9915
9402 9769
9943 9961
9882 9958
9818 9985
9086 9551
5571 7173
9497 9998
9648 9941
9589 9993
9944 9990
9769 9801
9834 9845
9405 9674
9716 9968
3189 6734
9901 9916
9809 9825
9739 9937
9940 9941
8790 9784
9825 9863
9889 9900
9632 9917
9842 9898
9911 9966
9879 9900
9416 9547
9900 9950
9783 9907
9846 9865
9913 9931
9908 9923
9499 9503
9753 9954
8850 9316
9773 9958
9481 9759
9857 9882
9530 9918
9887 9895
9512 9976
9888 9945
9756 9835
9762 9912
9692 9941
9659 9959
9807 9972
9591 9803
9892 9928
9798 9942
9903 9939
9738 9800
9869 9883
9862 9994
9882 9965
9910 9934
9768 9803
9784 9979
9841 9942
9843 9847
8287 8754
9935 9961
9700 9761
9917 9987
9880 9976
9921 9986
8157 8289
9853 9903
9651 9817
9894 9962
9921 9951
5266 9358
9436 9601
9722 9990
9664 9698
9921 9959
9695 9804
9863 9907
9953 9987
9903 9970
9884 9968
9674 9832
9927 9969
5505 9116
9946 9982
9938 9980
8739 9200
9938 9963
9845 9978
9372 9891
9156 9407
6228 7516
9915 9945
9767 9894
9848 9922
9863 9991
9425 9927
9948 9966
9290 9998
9904 9973
9853 9989
9833 9974
9805 9980
9615 9924
9591 9693
9658 9992
9921 9928
8565 9984
9618 9631
9918 9948
9876 9943
9460 9642
9924 9972
9822 9840
9840 9997
9929 9953
9885 9887
9926 9972
9805 9873
9931 9985
9805 9918
9879 9925
9909 9931
9951 9952
9724 9949
9839 9859
9717 9971
9741 9947
9880 9929
9525 9711
9821 9940
9888 9930
9837 9959
8739 9027
9881 9915
9739 9840
9946 9958
9943 9976
9863 9902
9908 9977
9791 9845
9734 9793
9718 9960
9279 9851
9652 9892
9907 9958
9904 9958
9703 9791
9868 9898
9214 9614
9904 9965
9374 9966
9632 9730
9069 9847
9941 9948
9828 9867
9749 9956
9583 9957
9804 9959
9840 9865
7516 8835
9847 9922
9495 9915
9643 9822
9801 9967
9382 9934
9831 9888
9892 9961
9944 9979
9938 9994
9891 9977
9818 9922
9926 9957
4289 5601
9915 9979
9844 9977
9752 9766
9286 9807
7961 8798
9448 9461
9554 9886
9856 9897
9557 9587
9753 9941
7572 9798
9840 9876
9832 9962
9892 9893
9882 9898
9846 9927
9299 9385
9131 9325
9800 9918
9882 9896
9710 9958
9696 9821
9779 9803
9801 9812
9557 9829
9829 9916
9848 9904
9466 9529
9101 9956
9573 9863
9948 9954
9847 9852
9903 9956
9912 9922
9898 9950
9896 9978
9110 9197
9941 9954
9920 9954
9650 9800
9004 9878
9892 9956
9876 9950
9671 9735
9824 9923
9954 9974
9891 9953
9846 9915
9229 9664
9907 9932
9840 9851
9819 9827
9299 9476
9652 9885
9930 9996
8631 8860
9865 9984
9845 9920
9894 9982
9903 9946
9922 9972
9725 9894
9933 9964
9805 9885
9600 9768
9835 9908
9303 9705
9866 9966
9935 9938
9607 9823
9874 9936
9943 9984
9788 9842
9943 9978
9935 9959
9694 9800
9555 9998
9926 9969
8147 8324
9685 9961
9768 9995
4543 7117
9648 9948
9920 9932
6690 7835
9939 9998
9777 9988
9653 9935
6834 7357
9920 9940
5566 8868
9756 9984
9851 9978
4903 9462
9806 9929
9910 9926
9933 9970
9898 9905
9818 9950
9903 9993
9873 9952
9844 9994
9248 9412
9755 9937
9848 9850
9887 9980
9649 9650
9646 9953
8295 8831
9823 9896
9800 9886
9941 9979
8920 9496
9858 9913
9933 9943
9702 9864
9338 9447
9917 9943
8758 9111
9445 9660
9823 9837
9454 9818
9016 9931
9868 9899
9927 9986
9937 9990
9803 9940
9870 9913
9559 9990
9909 9935
9359 9418
9889 9993
8015 9848
9796 9896
9937 9959
9880 9924
9698 9996
9928 9991
9685 9745
9497 9685
9917 9992
9948 9996
9768 9955
9932 9939
9904 9916
9924 9997
8781 9278
9869 9940
7881 9247
8585 9448
8631 9950
9916 9952
9497 9620
5924 8579
9873 9979
9920 9974
9938 9962
9939 9940
9699 9704
9718 9822
9221 9485
9919 9969
9866 9929
9792 9920
9846 9991
9840 9936
9882 9939
9573 9968
9691 9755
9914 9973
9945 9951
9897 9998
9737 9806
9870 9929
9749 9771
9903 9992
9862 9891
9733 9920
9684 9850
9860 9960
9875 9946
9466 9833
9920 9959
9672 9789
9546 9996
9818 9964
9756 9853
9531 9544
9896 9907
9931 9954
9659 9726
9918 9940
9949 9970
9773 9984
9287 9450
9794 9998
9960 9979
9857 9858
9925 9959
9899 9987
9907 9930
9809 9869
9936 9951
9871 9990
9672 9707
9888 9994
9845 9971
9844 9905
9839 9908
9796 9910
9705 9975
7879 8005
9888 9917
9752 9956
9880 9922
9780 9876
9911 9990
9866 9891
9889 9936
9854 9896
9830 9998
9929 9966
9221 9752
8126 9825
3516 4114
9642 9868
9909 9980
9873 9946
9853 9870
9888 9991
9956 9984
9733 9987
9846 9934
9770 9996
9871 9906
8190 9424
9671 9768
9933 9956
9887 9948
9870 9907
9859 9906
8815 9803
9845 9993
9685 9847
9926 9929
8900 9077
9796 9874
9620 9750
9873 9922
9683 9934
9911 9953
9889 9985
9923 9969
9921 9940
9872 9937
9832 9877
9926 9994
9729 9867
9664 9808
9194 9957
9812 9931
9761 9992
9851 9908
9618 9620
9922 9983
9952 9967
9630 9799
9642 9722
9905 9926
9916 9948
9833 9942
7572 7971
9718 9983
9447 9761
9925 9951
9848 9962
9855 9922
6275 6981
9824 9929
9703 9880
9146 9985
9696 9904
9875 9938
9451 9899
9871 9927
9299 9510
9640 9986
9868 9915
9722 9753
9892 9930
9853 9983
9900 9963
9634 9845
5660 7096
9428 9970
9749 9844
9898 9904
9827 9944
9890 9978
9847 9866
9908 9929
9416 9661
9739 9891
9701 9893
9749 9841
5571 8801
9554 9754
9682 9738
9937 9953
9600 9729
9632 9821
9832 9951
9915 9981
9882 9894
9576 9893
9842 9891
9830 9881
9171 9805
9949 9958
9920 9937
7901 8636
9792 9802
9712 9895
9303 9590
9824 9877
9710 9816
9345 9558
9721 9969
9530 9688
9955 9989
9618 9681
9901 9929
8631 8678
9844 9958
9790 9910
9496 9520
9273 9354
9837 9898
9769 9805
9943 9970
9793 9854
9878 9976
9876 9963
9380 9700
7905 9276
9930 9976
9485 9626
9866 9910
9476 9956
9876 9911
9744 9765
9802 9951
9915 9957
9910 9979
9822 9952
8501 9752
9541 9721
8700 8819
9721 9871
7949 8499
9914 9941
8900 9793
2173 8497
9939 9996
8716 9565
9910 9954
9727 9732
9917 9920
9943 9949
9915 9935
9757 9917
9923 9959
9878 9880
9902 9913
9835 9965
9711 9782
9873 9988
9648 9808
9934 9989
9835 9887
9778 9787
7787 9110
9842 9859
9630 9791
9745 9893
9961 9972
9886 9996
9587 9609
8498 9171
9556 9991
9529 9816
9496 9561
9770 9891
9906 9994
9872 9877
9860 9985
9914 9923
9742 9769
9780 9930
8154 8667
9876 9886
9852 9856
9110 9769
5266 9766
9869 9891
9964 9997
9792 9934
9549 9815
9896 9949
9506 9880
9298 9683
9825 9969
9951 9994
9702 9929
9567 9943
9775 9903
9744 9764
9823 9947
9720 9953
8793 9490
9696 9827
9839 9968
9894 9911
9774 9807
9832 9939
9415 9999
9907 9949
9715 9842
9806 9973
9727 9746
9720 9750
9930 9995
7752 8672
8976 9388
9913 9970
9647 9976
9807 9979
9869 9972
8174 8283
9880 9946
9818 9861
9942 9981
9835 9985
9881 9944
9932 9956
9909 9910
9104 9252
8218 8518
9813 9855
9581 9928
9917 9951
9843 9994
9920 9949
9818 9835
9907 9983
9936 9943
9166 9326
9940 9955
9867 9887
9948 9950
9375 9855
9641 9717
9179 9220
9860 9904
9507 9746
9906 9913
9914 9934
4109 6182
9819 9821
9701 9725
8108 9488
9905 9961
9825 9973
9936 9994
9628 9991
9890 9906
9497 9884
9908 9927
9618 9688
8579 9812
9698 9887
9746 9995
9959 9964
9898 9945
6600 9392
9926 9992
9902 9995
9848 9973
9803 9865
9907 9938
9883 9918
9001 9345
9565 9614
9840 9898
9771 9796
9589 9864
6362 9540
9836 9846
9618 9652
9908 9981
9710 9980
9945 9965
9921 9931
9107 9601
9326 9930
9902 9911
9944 9956
9926 9982
5505 9102
9784 9850
9037 9377
9766 9891
9950 9976
9851 9984
9666 9804
8909 9540
9915 9997
9869 9901
9853 9915
9959 9967
9946 9997
9920 9956
9954 9969
9793 9983
9786 9803
9790 9901
9898 9993
9589 9682
9946 9959
9591 9846
9751 9793
9804 9960
9618 9839
9881 9970
7912 9747
9761 9920
9505 9808
9421 9535
9691 9903
9602 9673
9486 9496
9716 9917
9937 9968
9914 9969
9936 9972
9700 9857
9921 9974
9856 9934
9629 9654
9913 9914
9946 9993
9691 9975
7863 8776
9750 9768
9411 9567
9388 9446
9928 9993
9782 9948
9843 9972
9237 9296
9858 9926
9860 9890
1286 6025
9148 9528
9898 9996
9438 9667
9856 9976
9823 9990
8324 9811
5566 6470
4771 5078
9903 9904
9832 9987
9871 9883
9714 9916
9906 9937
9776 9886
9848 9868
9239 9974
9419 9513
9849 9937
9920 9951
6211 9528
9923 9980
9573 9710
9954 9992
9877 9889
8976 9543
9392 9742
9832 9974
9749 9852
9735 9813
9803 9885
9940 9973
9950 9983
9815 9956
9760 9827
9931 9998
9913 9991
9777 9883
9889 9998
9530 9856
9851 9914
8255 9514
9804 9854
9399 9577
9905 9984
9943 9944
9877 9878
8541 9826
9883 9900
9626 9638
9835 9842
9504 9530
9800 9868
9796 9865
9945 9966
9588 9715
9918 9960
9899 9985
8839 9852
9476 9745
9911 9991
9750 9798
9700 9834
9866 9872
9885 9895
9896 9910
9287 9778
9541 9757
9898 9949
9847 9876
9845 9995
8983 9883
9810 9935
9881 9885
9600 9716
9640 9855
9242 9729
9958 9989
8672 8851
9872 9905
9851 9934
9891 9992
8815 9932
9946 9991
9931 9960
9939 9976
9883 9969
9812 9969
9588 9801
9861 9986
9001 9162
9917 9960
9892 9901
9772 9836
8898 9778
9714 9941
5505 8392
9813 9850
9915 9964
9949 9990
9879 9960
9892 9938
9193 9622
8154 9221
9590 9831
9848 9867
9804 9998
9799 9989
7119 9951
9887 9957
9737 9795
9148 9529
6984 9520
9941 9951
9799 9945
9658 9743
9316 9979
9920 9929
9944 9957
9904 9947
9873 9986
9954 9979
9553 9765
9969 9999
9864 9992
9776 9926
9909 9933
9728 9955
9937 9978
9802 9849
9107 9258
9871 9880
9805 9823
9621 9638
9882 9900
9714 9994
9305 9777
9001 9138
9685 9870
9506 9919
9792 9996
9778 9970
9778 9930
9893 9961
9813 9982
9407 9990
9148 9249
9838 9846
9708 9982
9842 9869
9805 9975
9920 9993
9755 9881
8384 8769
9405 9732
9900 9971
9756 9992
9793 9918
6182 7861
9652 9963
8206 8296
9940 9944
9925 9926
9901 9920
9941 9952
9694 9784
9907 9977
9856 9943
9870 9921
9543 9573
9790 9811
9673 9713
7900 8621
9877 9888
7310 7469
8287 9426
9904 9935
4903 6867
9445 9570
9900 9960
9901 9942
9905 9950
9832 9954
9561 9980
9536 9833
9945 9948
9927 9989
9847 9966
9927 9985
9221 9481
8190 8912
9904 9998
9926 9971
9853 9948
9853 9889
9424 9750
9287 9570
9892 9906
9230 9780
9897 9955
9421 9476
9920 9991
9904 9931
9930 9959
9920 9947
9762 9963
9932 9967
9894 9945
9525 9746
9459 9688
9855 9974
9881 9914
9143 9718
9872 9986
9695 9897
9871 9937
7900 9792
9895 9931
9834 9876
9256 9618
9869 9984
9577 9677
9769 9818
9859 9914
9873 9941
9546 9815
9197 9937
9284 9956
9887 9912
9860 9933
9872 9899
9664 9834
9900 9992
9647 9670
9705 9830
9496 9788
9929 9990
9530 9921
9805 9834
9599 9634
9500 9618
9904 9994
9934 9963
9620 9665
9861 9972
9916 9929
1710 5968
1286 3515
9930 9967
9685 9934
9793 9818
9799 9811
5601 8803
9770 9944
9941 9963
9774 9817
9055 9797
9742 9853
9579 9608
9889 9958
9745 9838
9099 9313
9889 9916
9883 9988
7901 9351
9903 9930
9900 9906
9838 9859
9626 9770
9853 9932
9867 9883
9892 9916
9908 9970
9700 9929
9922 9994
7111 8674
9910 9956
9803 9817
9944 9951
9924 9958
9226 9338
9906 9953
9873 9990
9925 9969
9896 9972
9237 9857
9923 9956
8823 8836
9260 9972
9004 9148
9888 9915
9900 9942
9824 9858
9846 9925
9958 9985
9851 9922
8498 9155
9906 9984
9847 9993
9925 9968
9875 9988
9823 9864
9907 9942
9927 9960
9904 9977
9883 9925
9819 9820
9942 9987
9540 9881
9950 9982
9802 9902
9952 9979
6734 8573
9910 9964
9584 9598
9824 9853
9410 9740
9832 9866
9934 9981
9938 9964
9935 9944
9407 9441
9906 9935
9747 9908
9748 9765
9898 9967
9447 9630
9823 9950
9901 9950
8970 9580
9333 9904
9949 9977
9696 9921
9895 9898
9555 9967
9845 9927
9377 9982
9942 9963
9809 9930
9861 9999
9854 9958
9462 9901
9923 9961
9915 9965
9022 9380
9885 9981
9893 9947
9849 9986
9883 9983
9652 9664
9889 9898
9916 9962
9780 9845
9886 9998
9918 9968
9875 9910
9892 9977
9737 9858
8283 8721
9938 9974
4903 8089
9904 9986
8573 9237
9889 9944
9714 9829
9120 9352
6211 7682
8860 9410
9677 9880
9357 9789
9862 9866
9504 9944
9870 9908
9560 9904
9554 9938
9816 9857
9930 9942
9850 9916
9020 9040
9175 9366
9888 9906
9703 9861
9815 9933
9916 9947
5566 7378
9743 9748
9900 9981
9624 9917
9840 9863
9615 9934
7357 8573
9859 9896
9754 9884
9561 9969
9735 9938
8819 9433
9535 9547
9240 9920
8521 9254
9844 9913
9632 9870
9819 9907
9930 9932
6984 9162
9937 9994
9931 9983
9897 9974
9166 9917
9845 9856
9648 9676
9767 9773
9909 9981
9818 9833
9228 9987
9889 9989
9812 9851
9522 9527
9224 9508
8706 9751
9878 9922
9914 9924
9851 9883
9474 9557
9244 9678
9775 9814
9792 9972
9299 9541
9481 9963
9942 9962
9836 9958
9816 9878
9659 9721
9520 9776
9848 9899
9364 9682
9804 9957
9776 9827
9878 9890
9366 9466
9927 9982
9896 9995
9948 9992
9864 9934
9242 9497
9305 9433
9753 9963
9888 9949
9444 9763
8498 9153
9896 9963
9810 9946
8546 8685
8296 9666
9875 9897
9333 9451
9742 9818
9769 9992
9840 9850
9856 9918
9583 9934
9921 9991
9882 9982
9945 9980
9930 9980
9949 9955
9941 9993
9775 9789
9366 9890
1119 3514
9881 9997
9897 9928
9843 9852
9824 9888
8617 9251
9957 9979
9894 9909
9937 9999
6608 7640
9856 9921
9397 9641
9683 9918
9934 9983
9904 9983
9589 9735
9426 9719
9668 9709
9839 9987
9055 9333
9750 9995
9700 9980
9933 9949
9907 9931
9733 9858
9415 9498
9842 9960
9757 9791
9893 9962
9887 9945
9878 9885
9884 9956
9938 9998
9715 9917
9898 9964
8565 9000
9878 9934
9757 9858
9848 9952
9812 9840
9891 9908
9929 9983
9809 9893
8979 9903
9925 9986
9937 9951
9700 9791
9931 9956
8541 8571
9878 9917
9813 9953
9563 9566
9914 9930
9933 9934
9596 9876
9938 9955
8005 8874
9872 9910
9655 9702
9874 9889
9490 9786
9935 9956
9904 9971
9812 9855
9903 9961
9903 9947
9452 9824
9797 9883
9879 9999
9857 9863
9583 9913
9778 9985
9396 9735
8920 9996
9591 9867
9641 9654
9877 9935
8497 8842
9897 9972
9943 9983
9520 9571
9957 9972
9729 9764
9465 9905
9966 9974
9854 9881
9916 9987
9620 9803
9900 9931
9035 9508
9086 9602
9880 9992
9850 9914
9182 9406
9761 9929
9938 9983
9754 9845
9729 9774
9770 9785
9864 9931
9834 9852
4903 6869
8428 9633
9842 9988
9908 9921
7863 8515
9609 9664
9835 9921
9738 9780
9821 9905
9861 9887
9806 9924
6839 9539
9654 9685
9899 9955
9473 9715
9960 9998
7321 8384
9906 9923
9789 9978
9905 9970
9920 9987
9822 9962
9799 9858
9951 9974
9810 9922
9753 9826
8324 9790
9091 9255
9937 9979
9938 9943
9867 9890
9573 9667
9711 9807
9590 9630
9916 9934
9929 9964
9485 9498
9857 9914
9682 9739
9623 9974
9700 9999
9637 9808
9846 9890
9713 9986
9815 9850
9741 9980
9333 9962
9819 9968
8840 8967
9901 9957
9052 9869
9690 9725
9120 9641
8363 9314
8823 8869
9682 9809
9876 9926
9396 9824
9863 9992
9884 9963
9946 9994
9664 9812
9892 9992
9916 9943
9503 9926
9878 9952
9600 9802
9921 9941
9794 9866
7444 9044
9807 9885
9460 9992
9934 9950
9871 9887
9870 9962
9922 9998
9811 9894
9405 9796
9894 9900
9094 9866
9366 9727
9889 9921
8174 8940
9731 9896
9910 9959
9963 9967
9788 9900
9912 9997
9846 9953
9828 9927
9878 9903
9888 9934
9846 9986
9896 9988
9333 9883
9891 9968
9905 9925
9890 9963
9845 9957
9825 9928
9874 9923
6847 8143
9933 9974
9229 9908
9802 9889
9053 9695
9325 9477
9613 9816
9937 9992
9904 9927
7214 9745
8557 9023
9810 9953
9912 9927
9807 9863
9935 9967
9690 9744
6362 7265
9864 9986
9908 9931
9875 9878
9845 9970
9815 9889
9770 9957
9888 9957
9874 9954
9813 9990
8636 8841
9897 9947
9819 9979
7974 8234
9447 9541
9810 9994
9868 9965
9874 9931
9931 9972
9622 9963
9901 9996
8543 9791
9836 9976
9945 9963
9326 9337
9767 9822
9885 9967
9871 9966
9889 9915
9544 9827
9855 9860
9873 9992
9889 9902
9916 9961
9909 9959
9891 9932
9856 9965
9793 9815
9901 9921
9886 9947
9647 9980
9785 9877
9809 9990
8117 9958
9872 9997
9920 9921
9845 9879
9776 9869
9879 9899
9755 9897
9969 9998
9856 9971
9872 9999
7078 8600
9648 9820
9697 9842
9307 9667
9407 9650
9941 9978
9863 9958
8617 9128
9670 9785
9957 9961
4867 7158
9139 9792
9834 9917
9861 9958
9779 9988
9923 9998
9897 9905
9784 9903
9288 9941
9940 9966
9901 9978
9820 9974
9706 9989
7007 8913
9914 9986
9895 9899
7572 7914
9918 9969
9877 9901
9683 9853
9898 9907
9877 9985
9915 9917
9812 9907
9924 9982
8565 8707
9731 9837
9670 9680
9346 9669
9756 9884
9858 9903
9704 9961
8631 9495
9660 9974
9892 9960
9407 9483
9946 9973
9838 9998
9466 9548
9520 9728
9889 9957
9653 9681
9496 9887
9832 9977
9888 9988
8278 9613
9880 9965
9857 9951
9892 9894
9761 9804
9944 9949
9681 9847
9857 9927
9932 9966
9857 9868
9374 9626
9850 9979
9035 9995
9803 9978
9695 9697
9631 9654
9741 9951
9444 9699
9840 9878
9677 9754
9858 9971
9934 9999
9687 9995
9479 9796
9907 9946
9759 9945
9945 9977
9624 9968
9826 9925
9883 9929
9946 9987
9694 9704
9886 9959
9836 9860
9546 9759
9841 9973
9738 9949
9809 9849
9921 9960
9641 9914
9814 9886
9906 9941
9861 9954
9898 9991
9137 9671
9355 9410
9512 9549
9928 9941
9848 9989
9467 9544
9560 9994
9849 9996
9837 9981
9668 9693
9750 9762
9649 9679
9861 9930
9819 9895
9914 9927
9460 9825
9926 9977
9928 9940
8304 8475
9945 9958
9877 9902
9657 9917
9858 9935
9869 9980
9847 9848
9822 9877
9817 9828
9885 9990
9954 9998
9927 9947
9940 9974
9677 9896
8819 9463
4639 5346
9379 9406
9942 9965
9757 9913
173 4414
9907 9921
9497 9765
8399 9199
9885 9959
9730 9975
9919 9927
9663 9951
9895 9943
9942 9997
8636 8955
9221 9265
9817 9818
9487 9792
9484 9980
9869 9930
9855 9975
9724 9899
9943 9969
6869 7181
9667 9984
9888 9972
9381 9683
9906 9963
9851 9891
9843 9848
9804 9939
9876 9968
9905 9982
9629 9657
9951 9980
9831 9964
9786 9968
9828 9831
9914 9915
9904 9974
9914 9929
9818 9962
9841 9936
9908 9960
9793 9905
9847 9917
9738 9869
9901 9925
9809 9904
9917 9963
9926 9973
9804 9952
9853 9959
9742 9936
8798 9337
9824 9869
9056 9764
9617 9618
9760 9840
9720 9798
9730 9937
9820 9907
9872 9988
9897 9909
9867 9996
9847 9862
9824 9867
9289 9913
8095 8256
9769 9952
9948 9964
9755 9793
9540 9906
9807 9920
9256 9809
9660 9683
9883 9914
9548 9880
9030 9075
9796 9810
9883 9999
9775 9966
9564 9910
9932 9990
6847 9543
9681 9947
9613 9698
9927 9955
9778 9799
9872 9963
9869 9966
9452 9778
9822 9891
9764 9864
9660 9815
9923 9947
9799 9987
9842 9866
9708 9717
9521 9696
9757 9984
9200 9237
9399 9731
9705 9729
9908 9990
9942 9989
8757 9429
9802 9850
8874 9888
9474 9592
9669 9755
9818 9890
9903 9972
9665 9721
8673 9359
9558 9803
9723 9899
9407 9869
9821 9958
9770 9804
7881 9844
9804 9941
9607 9912
9936 9968
4663 8886
9928 9961
9779 9854
9791 9974
9830 9875
9110 9413
9818 9910
9465 9991
8940 9084
9940 9991
9862 9981
9838 9857
9825 9976
9424 9541
9242 9592
9880 9942
9772 9909
8700 9477
9077 9264
9946 9953
9373 9412
9590 9944
9136 9638
9891 9918
8706 9998
9908 9957
9937 9976
9850 9862
9527 9587
9164 9338
9960 9995
9756 9782
9665 9751
9748 9812
9913 9990
9915 9988
9911 9969
9711 9954
9919 9933
9869 9977
9628 9965
9716 9946
9716 9902
8811 9830
7853 8501
9946 9955
9930 9941
9747 9771
9758 9862
9596 9836
9938 9956
9799 9866
9346 9535
8700 9697
9884 9966
9913 9987
9849 9973
9856 9881
9789 9913
9686 9992
8989 9985
9839 9910
9844 9973
9001 9570
9778 9899
9867 9934
9956 9998
9731 9831
8831 9857
9910 9974
9803 9883
9920 9965
9756 9848
9658 9951
9832 9964
9720 9848
9805 9904
9912 9921
9765 9772
9869 9912
9869 9982
7879 9418
9858 9937
9917 9934
9855 9872
9925 9977
9653 9967
9855 9911
9382 9542
9574 9741
9869 9978
9910 9921
9881 9932
9698 9909
8695 8785
9861 9914
9818 9958
9900 9987
9870 9873
5601 9441
9438 9577
9354 9910
9927 9996
9903 9966
9907 9980
9405 9788
9194 9685
9363 9521
9809 9879
9925 9997
9715 9936
9683 9978
9867 9889
9917 9966
9877 9919
9744 9959
9641 9705
9095 9777
9578 9933
9927 9980
9111 9353
9868 9879
9501 9857
8874 9744
9643 9936
9808 9960
9549 9609
9811 9914
9841 9987
9684 9919
9718 9851
9874 9883
9934 9961
9756 9817
9599 9798
8498 9215
9726 9864
9811 9923
9724 9824
9898 9952
9929 9993
9841 9918
9560 9610
8976 9805
9707 9744
9889 9961
9234 9973
9804 9981
7905 9378
9858 9958
9853 9864
9881 9900
9175 9327
9858 9955
9862 9991
9934 9988
9607 9962
9821 9871
9899 9945
9932 9994
9934 9993
5553 6219
9928 9933
9851 9963
9835 9864
9286 9542
9842 9884
9725 9925
9800 9926
9926 9986
9891 9948
7366 8430
9587 9748
9801 9830
9729 9983
9862 9901
9804 9992
9744 9769
9930 9963
9745 9758
9715 9948
9909 9940
9299 9902
9669 9932
9810 9992
9844 9928
9705 9859
9557 9788
8728 9614
9438 9967
8005 9593
9788 9983
9825 9965
9529 9761
9593 9972
9316 9344
9926 9968
4176 4494
9871 9894
9023 9814
9730 9739
9299 9607
9020 9983
9698 9859
9847 9855
9901 9999
8842 9104
9710 9763
9763 9927
9891 9937
6600 8879
9314 9591
9930 9982
9913 9929
9633 9954
9902 9932
9480 9618
9626 9721
9503 9643
9969 9971
9931 9999
9884 9933
9773 9864
9578 9954
9673 9872
9716 9831
9839 9946
9591 9596
9816 9961
9657 9974
9641 9818
9878 9966
9873 9927
9884 9982
9917 9925
9935 9962
9916 9919
9910 9936
9967 9990
9805 9927
9460 9686
9854 9928
9667 9954
8835 9690
9841 9912
9795 9876
9936 9944
9952 9959
9857 9992
9832 9931
9251 9336
9892 9924
9958 9973
9942 9969
9856 9993
9888 9946
9913 9922
8256 8927
9751 9890
8704 9189
9939 9993
9891 9938
4627 8074
9886 9906
9944 9995
9919 9995
9920 9990
9815 9925
9905 9996
9896 9957
9557 9772
9835 9854
9741 9862
5738 8499
9845 9903
9936 9957
9770 9878
9789 9963
7378 8043
9935 9999
9910 9950
9900 9903
3990 9230
9772 9979
9600 9825
9661 9794
9854 9931
9672 9702
9800 9857
9808 9810
9918 9990
9782 9799
9839 9959
9541 9800
9869 9916
9910 9960
9964 9967
9865 9994
9746 9760
9916 9980
9722 9817
9849 9858
9835 9868
9607 9642
9899 9914
9870 9911
9870 9922
9699 9940
9243 9255
9919 9953
9813 9929
9956 9994
9654 9936
9406 9961
9896 9935
9750 9779
9894 9994
9808 9824
9929 9956
9953 9981
9925 9944
9919 9938
9721 9737
9874 9894
9908 9983
9735 9878
9954 9977
9821 9982
9772 9795
9754 9987
9765 9824
8900 8914
8707 9766
9907 9909
9870 9999
9835 9857
9799 9848
9857 9980
9850 9943
7879 9129
9617 9939
9936 9988
9916 9974
9753 9807
9957 9963
5078 5205
9852 9975
9475 9663
9433 9487
9876 9892
9855 9957
9946 9951
9587 9746
9902 9914
9474 9707
9778 9835
9929 9971
9851 9951
9696 9804
9946 9989
9845 9849
9714 9750
9895 9952
9886 9925
9944 9968
9925 9984
9943 9947
9529 9767
9770 9972
9650 9927
9889 9970
9905 9929
8983 9892
9867 9981
9770 9987
9753 9950
8600 8996
9868 9916
9929 9991
9805 9879
9732 9982
9027 9875
9890 9965
9939 9948
9792 9842
9902 9944
9952 9994
9921 9970
9122 9861
9962 9977
9746 9931
9828 9854
9592 9798
9918 9964
9894 9969
9643 9761
9958 9964
9524 9569
9583 9900
9869 9885
9329 9804
9827 9845
9897 9951
9715 9933
9938 9954
9870 9952
9733 9742
8842 9421
9883 9909
9793 9953
9827 9875
9827 9877
9792 9823
9913 9963
9587 9724
9530 9671
9799 9877
9920 9962
6608 9297
9792 9933
9911 9916
9951 9953
9785 9911
8502 9539
9840 9985
9898 9913
9746 9832
9379 9605
9601 9636
9876 9998
9798 9980
5601 6227
9805 9976
9966 9986
7711 8043
9765 9871
9947 9973
9642 9891
9929 9970
9710 9963
9793 9811
9858 9882
9935 9939
9875 9927
9902 9991
9868 9906
9660 9728
9920 9966
9851 9857
9905 9999
9325 9567
9887 9927
9876 9934
9874 9907
9855 9951
8920 9630
9146 9943
8757 9443
9802 9886
9940 9946
9846 9960
9898 9997
9850 9963
9884 9918
9837 9910
9761 9785
9842 9992
9787 9856
9678 9924
9817 9861
9804 9869
9859 9960
9885 9947
9846 9874
9899 9977
9160 9716
9898 9955
9777 9967
9610 9762
9674 9871
9787 9836
9774 9825
9805 9852
9828 9924
9452 9495
9253 9826
9896 9964
9613 9636
9366 9769
9904 9953
9846 9858
8278 8906
7019 7822
6311 9170
9882 9915
9530 9665
9405 9731
9951 9991
9852 9864
9896 9973
9372 9693
9260 9926
9814 9888
9906 9911
9913 9965
9698 9808
9903 9923
9707 9734
9886 9963
9905 9911
9927 9976
9937 9963
9926 9936
9750 9924
9651 9980
9815 9920
9926 9958
9939 9987
9920 9936
9890 9907
9793 9992
9346 9834
9631 9955
9565 9865
9835 9878
9817 9920
9839 9969
9869 9914
9641 9691
8874 9028
9710 9818
9793 9829
9820 9924
9922 9967
9838 9862
9744 9815
9924 9941
9940 9970
9858 9920
9800 9900
9868 9984
9750 9771
9908 9980
9620 9706
9777 9824
8731 9623
9863 9905
9949 9953
9137 9244
9688 9942
9935 9940
9891 9897
9888 9936
6410 7956
9529 9845
9755 9924
9828 9974
9816 9976
9338 9940
9790 9847
9679 9704
9874 9966
9920 9944
9437 9976
9888 9984
9805 9991
9587 9897
9265 9936
9832 9990
9894 9933
9903 9911
9861 9951
9702 9729
9837 9858
9700 9833
9874 9887
9859 9911
9925 9972
9888 9985
9700 9979
8200 9409
9712 9942
8283 9024
9407 9544
9855 9955
9546 9753
9915 9971
9700 9899
9486 9902
9859 9971
9876 9904
9913 9924
9621 9849
9917 9935
8553 9871
9243 9399
8794 8961
9501 9579
9431 9850
9700 9947
9862 9975
9928 9975
9896 9906
9797 9934
9466 9626
9921 9971
9812 9990
9911 9976
9566 9847
9765 9913
8521 8752
9772 9823
9333 9900
9914 9983
9851 9955
9799 9977
9239 9931
9798 9852
9548 9656
9441 9848
9728 9849
8695 9121
8748 9001
9880 9974
9897 9931
9895 9946
9951 9992
7879 8252
9620 9741
9683 9926
9364 9815
9940 9965
9620 9856
6885 8192
9906 9915
8770 9975
8289 8933
9912 9984
8631 8938
9745 9889
9900 9910
9867 9933
9889 9917
9802 9942
9863 9951
9784 9949
9798 9959
9666 9751
9930 9971
9707 9972
9914 9946
9836 9960
9885 9926
9832 9852
9881 9963
9593 9646
9353 9986
6651 8762
9751 9888
9946 9949
9926 9954
9795 9992
9868 9975
9595 9913
9564 9799
9823 9920
9757 9883
9873 9981
9855 9883
9857 9899
9790 9960
9739 9754
5657 6435
9950 9973
9649 9882
9656 9956
9954 9999
9934 9979
9793 9962
9833 9990
9691 9702
9896 9960
9757 9770
6984 9357
9845 9894
9831 9975
9766 9986
9716 9834
9303 9665
9895 9935
9903 9950
9824 9986
9921 9996
9834 9971
9721 9973
9886 9893
9931 9940
9884 9924
9940 9978
9487 9923
9861 9902
9681 9909
9804 9962
9907 9989
9924 9944
9932 9942
9909 9957
9804 9886
9862 9911
9803 9998
9618 9735
9618 9970
9904 9936
9824 9971
3514 7893
9895 9967
9716 9864
9737 9756
9679 9739
9763 9790
9902 9912
9918 9963
8790 9450
9598 9713
9899 9963
9919 9921
9883 9994
7378 8440
9755 9955
9666 9813
9848 9880
8108 9444
9857 9940
9804 9983
9765 9847
9889 9928
9756 9996
9242 9306
9846 9894
9866 9920
9885 9965
9875 9894
9954 9982
9621 9693
9835 9928
8868 9400
9053 9514
9799 9973
9359 9800
9930 9943
9950 9986
8499 9505
9921 9990
9894 9975
9714 9895
9915 9990
9941 9949
9851 9952
9864 9922
9905 9993
9770 9930
9838 9957
9330 9796
9705 9787
9816 9937
9249 9266
9903 9969
9886 9965
9881 9975
9784 9836
8883 9840
9896 9980
9229 9356
9727 9957
9851 9948
9884 9926
9890 9896
9775 9835
9337 9340
9911 9950
9720 9725
9699 9882
9871 9961
9946 9966
8771 9362
9737 9856
9867 9998
9766 9798
9885 9917
9921 9984
9868 9955
9716 9907
9889 9983
9861 9947
9783 9959
9615 9884
9762 9863
9827 9946
9933 9993
9761 9851
8769 9799
9430 9788
9862 9961
9832 9885
9818 9928
9410 9704
9474 9933
9951 9982
4663 6795
8496 9831
9866 9902
9367 9678
9952 9990
6818 7808
9407 9852
9889 9992
9842 9958
9878 9913
9719 9892
9956 9991
9598 9952
9424 9631
9827 9888
9962 9980
9916 9989
9769 9860
9884 9888
9776 9913
9927 9933
9814 9838
9928 9973
9693 9746
9861 9961
9898 9902
9922 9974
9630 9677
9889 9953
9580 9701
9678 9883
9913 9962
8776 8799
9856 9987
9935 9950
9657 9699
9891 9922
9858 9942
9685 9885
9237 9421
9644 9962
9778 9797
9900 9907
9881 9989
9952 9962
9821 9900
9600 9877
9917 9989
9909 9921
9870 9947
9906 9985
9800 9856
9751 9761
9852 9934
9655 9934
9929 9955
9788 9930
4771 5630
9898 9968
9731 9901
9835 9936
4114 9572
9783 9988
9752 9919
9735 9943
9947 9954
9871 9902
9825 9898
8785 9416
9919 9960
9613 9754
9800 9806
9898 9973
9338 9573
3990 8020
9912 9970
8874 8891
9796 9837
9648 9864
9913 9984
9805 9894
9883 9886
9587 9704
9860 9888
9725 9733
9405 9802
8953 9700
9856 9910
9738 9833
9626 9749
9876 9898
9892 9897
9830 9889
9458 9640
9901 9980
9887 9950
9300 9531
9953 9965
9963 9978
9840 9875
9944 9952
8704 9621
8835 9788
7822 8470
9344 9491
9856 9860
9933 9989
9793 9917
9904 9978
9875 9951
9450 9502
9555 9647
9786 9996
9807 9853
9852 9880
9915 9966
9195 9802
9877 9943
9805 9898
9896 9919
9957 9997
9903 9949
9359 9707
9881 9922
9935 9992
9784 9809
9508 9559
9892 9931
9600 9992
9913 9988
9522 9523
9477 9706
9848 9938
9722 9790
5078 9150
9938 9987
9886 9968
9944 9994
9699 9987
9927 9999
9592 9860
9859 9959
9501 9963
9816 9884
9803 9837
9813 9921
9900 9990
9857 9929
9716 9829
9602 9887
9904 9987
9913 9977
9782 9817
9143 9334
9932 9943
9636 9638
9950 9970
9415 9742
9929 9961
9022 9854
9944 9961
7989 8488
9565 9864
9163 9394
9822 9848
9926 9993
9824 9831
4414 5334
7853 7962
9881 9976
3515 7275
9919 9985
9714 9837
9803 9923
9413 9906
9704 9863
9921 9927
9894 9976
9917 9982
5657 6684
9400 9777
9907 9970
9679 9861
9876 9953
9544 9692
9897 9995
9316 9778
9937 9965
9162 9432
9735 9973
9870 9887
9911 9983
9680 9925
7111 8806
9869 9878
9092 9413
9848 9964
9760 9998
9797 9975
9881 9931
9955 9964
9796 9914
9800 9889
9884 9975
9865 9880
9776 9779
9104 9896
9462 9938
9729 9892
9668 9877
9584 9836
8891 9327
9383 9497
9732 9922
9370 9379
9785 9794
9805 9948
9808 9949
9913 9919
9328 9483
9844 9949
9729 9860
9947 9964
9645 9834
9462 9848
9801 9867
9941 9981
9917 9918
9700 9962
9801 9905
9863 9904
9881 9966
9937 9964
9818 9837
9698 9919
9104 9326
9762 9894
9867 9901
9840 9944
9848 9997
9330 9415
9906 9925
9952 9995
9905 9907
9754 9822
9929 9997
9905 9957
8860 9510
9744 9954
9936 9984
7767 9251
9720 9947
9740 9813
9934 9945
9620 9639
9861 9983
9728 9966
9468 9486
9798 9882
9841 9870
9901 9986
9718 9743
9832 9925
8296 8547
9914 9976
9946 9969
9897 9977
9883 9995
9867 9932
9808 9976
9491 9992
9853 9938
9306 9427
9371 9986
8801 8925
9678 9994
9920 9924
9818 9997
9029 9987
9938 9942
9143 9703
9854 9886
9568 9915
9904 9959
9383 9797
9456 9873
9586 9626
9775 9937
9543 9822
9900 9952
9699 9924
9845 9928
9415 9986
9928 9974
9544 9846
8296 9485
9800 9942
9928 9995
9808 9849
9237 9993
9667 9722
9277 9589
9021 9816
9756 9921
9865 9970
9930 9949
9876 9912
9829 9990
9822 9951
9405 9769
9888 9928
9884 9901
9912 9977
9847 9931
9881 9935
9748 9827
9725 9851
9820 9929
9887 9967
9577 9729
9824 9837
9937 9991
9456 9682
9880 9909
9253 9664
7308 8186
9856 9857
9849 9891
9620 9979
9894 9954
9732 9750
8498 9608
9815 9878
9512 9993
9926 9959
9287 9945
9881 9965
9569 9912
9677 9816
9630 9706
9734 9781
9906 9998
6650 7402
9891 9945
9901 9938
5968 7488
9796 9867
9761 9847
9825 9892
9893 9932
9854 9945
9799 9840
9940 9995
9643 9800
9200 9902
9845 9922
9808 9878
9799 9823
9882 9893
9859 9930
9484 9729
9687 9718
7853 9937
9303 9320
9834 9888
9764 9984
8117 9321
9548 9564
9842 9855
9899 9974
9727 9880
9809 9860
9792 9818
3369 9794
9548 9942
9893 9931
9826 9907
9911 9945
9920 9960
9905 9968
9672 9892
9353 9826
9901 9960
9769 9782
9555 9917
8781 9067
7344 9789
9741 9939
9498 9937
9845 9926
7939 9772
9280 9806
9700 9938
9869 9876
9930 9973
9834 9837
9909 9938
9825 9852
9228 9497
9307 9486
9424 9753
9809 9889
6639 9710
9639 9687
9791 9820
9854 9921
9832 9859
8967 9630
9693 9772
9363 9619
9845 9991
9792 9931
9330 9895
9139 9964
9589 9692
9502 9826
9468 9551
9701 9885
9695 9775
9787 9882
9897 9963
9783 9930
9743 9848
9854 9903
9505 9724
9609 9638
9823 9866
9541 9818
9886 9981
9877 9913
9461 9472
9805 9987
9699 9976
9821 9863
9807 9860
9903 9982
9827 9930
9612 9906
9612 9834
9846 9850
7949 8006
9650 9711
9794 9863
9893 9922
9842 9949
9861 9988
9756 9942
9567 9618
9424 9527
9734 9845
9531 9736
9875 9978
9653 9945
9773 9784
9306 9477
9770 9912
9873 9963
9439 9906
9794 9890
9903 9941
9328 9558
9737 9774
9940 9954
9673 9792
9909 9975
9934 9967
9947 9978
9479 9911
5601 7316
9941 9995
9930 9997
9851 9959
6196 7339
9806 9986
9673 9898
7316 9644
9836 9921
9591 9955
9923 9995
9855 9878
9919 9997
9931 9955
9803 9850
9714 9999
8806 8829
9626 9843
6362 6708
9910 9977
9435 9909
9823 9918
9879 9945
9830 9908
9461 9819
4532 8754
9663 9873
9765 9782
9827 9984
9527 9789
9758 9851
9915 9927
9928 9944
9916 9984
9796 9799
9421 9749
9776 9919
9719 9788
9907 9957
9740 9756
9437 9524
9799 9938
9701 9913
9856 9895
9587 9927
9928 9999
9569 9570
9947 9955
9864 9919
9541 9931
9772 9933
9444 9582
9573 9574
9893 9933
9628 9688
9588 9658
9849 9878
9963 9964
9917 9977
9716 9895
9823 9959
9884 9897
9851 9869
9922 9977
9495 9826
9912 9960
9655 9678
8892 9955
9831 9983
9110 9889
9864 9964
6182 6310
9840 9962
9563 9855
9910 9917
9878 9882
9891 9924
8126 8696
9929 9987
9412 9841
9931 9947
9658 9849
9917 9986
9820 9827
8940 9954
9818 9862
9752 9853
9867 9994
9954 9965
9747 9929
9901 9969
9650 9764
9851 9936
9746 9820
9748 9952
7900 9988
9543 9879
9845 9997
9654 9857
9825 9945
9508 9537
9805 9949
8428 9719
9798 9966
9639 9961
9858 9950
9508 9898
9836 9914
9918 9950
9919 9936
9925 9949
9717 9790
9760 9779
9923 9933
9898 9903
9847 9907
9785 9905
5633 9162
9839 9897
9914 9985
9693 9705
9833 9838
9785 9949
9881 9946
9228 9269
9793 9979
9923 9965
9909 9950
9883 9935
9917 9947
9885 9988
9909 9955
9788 9856
9764 9811
9695 9783
9904 9918
9373 9606
9721 9896
9929 9996
9865 9936
9799 9894
8502 9748
9858 9973
9654 9705
9703 9767
6708 8428
9896 9981
9669 9853
9781 9793
4114 8757
9810 9940
8547 8800
9721 9950
9901 9983
9577 9944
9937 9946
9827 9894
7572 8841
9917 9967
9857 9989
9879 9894
9933 9999
9798 9819
9104 9429
9666 9840
9954 9971
9843 9879
9925 9967
9837 9972
9826 9838
9922 9965
9870 9915
9871 9988
9938 9968
9896 9952
9522 9704
9830 9912
9876 9946
9892 9899
9790 9943
9794 9945
9917 9958
9798 9943
9660 9843
9451 9782
9889 9950
9858 9866
8914 9329
9879 9923
9729 9911
8324 9839
9940 9949
9524 9714
9902 9970
9921 9992
9602 9982
9468 9535
9840 9963
9539 9895
9957 9973
9466 9944
9854 9984
9644 9788
9862 9957
9920 9999
9886 9991
9776 9898
9909 9994
9944 9971
9867 9962
9867 9898
9866 9904
9927 9941
4109 8580
9906 9977
9867 9936
8955 9536
9297 9805
9927 9962
8731 8854
9632 9947
9826 9938
9821 9950
9273 9857
9832 9941
4771 7772
9634 9866
9377 9881
9941 9959
9731 9750
9916 9966
9707 9950
9826 9960
9884 9936
9429 9668
9862 9934
9903 9944
9852 9879
9499 9657
9838 9897
9850 9855
8015 9966
9910 9993
9440 9609
9864 9882
9867 9870
9146 9323
8883 9416
9696 9912
9824 9931
9853 9975
9780 9872
9800 9968
9923 9934
9816 9955
9551 9944
9897 9973
9818 9944
9844 9931
9344 9411
9954 9956
9882 9906
9947 9977
9146 9778
9805 9962
9439 9657
9228 9274
9513 9819
9580 9815
9857 9862
9872 9979
9852 9958
9815 9917
9811 9851
9772 9807
9818 9885
9861 9904
9697 9887
9910 9980
9793 9969
9926 9987
9104 9139
9705 9951
9316 9622
9910 9996
9793 9976
9555 9800
9749 9805
8776 9838
9857 9978
9663 9761
9860 9887
9368 9692
9220 9703
9902 9975
9798 9889
9870 9898
9721 9902
9599 9797
9394 9753
9848 9988
9750 9956
9816 9848
9755 9841
9818 9882
9862 9977
9845 9862
9887 9986
9767 9819
9915 9962
8936 9859
9337 9640
9407 9954
9804 9839
9911 9980
9784 9916
9244 9535
9913 9978
9639 9845
9924 9994
9809 9816
9816 9987
9826 9893
9496 9996
9926 9938
9860 9954
9875 9986
9289 9699
9497 9669
9570 9677
9770 9783
9775 9787
9912 9978
9937 9987
9366 9804
8868 9794
9907 9943
9255 9620
9888 9935
9546 9789
9922 9946
9804 9846
9827 9942
9761 9776
9949 9971
9727 9911
9807 9829
9817 9943
5660 7274
9854 9941
9905 9965
9437 9661
9793 9817
9774 9823
9283 9975
9807 9867
9411 9791
9508 9555
9939 9990
9838 9938
