1000 999
0 500
500 969
969 977
500 501
969 985
500 990
500 758
977 994
501 976
758 872
977 985
0 871
501 757
501 845
990 996
990 998
976 997
500 993
500 858
845 954
997 998
998 999
872 926
994 995
758 813
858 925
500 551
995 997
500 862
758 934
990 991
977 988
501 614
757 881
993 996
926 989
551 791
871 971
500 806
996 999
0 450
954 962
985 987
988 997
791 819
862 891
954 982
881 946
926 944
614 849
985 986
791 808
994 996
962 994
450 961
791 919
501 555
994 997
997 999
501 866
808 847
555 947
862 915
986 994
993 998
501 733
944 961
845 877
845 937
808 979
946 958
881 948
877 890
996 997
501 782
877 922
501 807
996 998
985 998
849 970
501 736
948 984
958 997
614 848
0 119
757 814
919 966
994 999
934 942
969 992
985 995
814 933
946 994
934 985
119 665
758 770
933 965
808 919
500 640
988 993
919 931
922 934
984 987
890 951
814 827
934 980
970 995
982 995
966 970
986 999
791 805
119 982
866 972
937 946
119 535
926 998
970 974
971 979
991 993
931 958
640 736
987 994
736 766
814 906
947 994
979 985
995 999
977 989
946 979
119 150
808 896
808 864
890 921
994 998
942 984
864 943
736 947
985 994
736 921
813 855
807 972
944 991
991 996
937 974
555 818
813 961
881 939
807 817
933 981
947 955
766 950
766 911
937 943
807 845
977 981
990 995
766 813
919 985
871 884
987 991
961 979
881 927
819 826
818 849
814 930
972 993
848 994
962 996
979 984
766 979
958 962
969 983
814 994
984 993
791 906
906 950
965 998
944 966
993 995
947 962
813 899
862 963
933 939
991 998
984 998
985 993
991 997
877 895
818 843
946 971
988 991
933 944
946 988
807 854
555 596
0 310
979 986
926 949
806 858
958 987
934 991
989 994
991 994
979 987
930 965
991 992
985 996
925 973
640 895
944 957
877 882
981 993
971 974
845 846
990 994
981 989
986 991
984 995
814 886
971 976
958 991
981 986
980 985
976 982
805 925
855 936
782 857
986 996
866 930
845 947
963 990
965 968
866 967
974 986
944 965
985 992
987 988
919 930
817 946
987 999
982 987
906 924
942 990
957 958
982 990
991 999
733 979
310 355
849 987
974 995
925 957
866 908
983 989
936 976
930 985
974 994
979 980
857 963
501 607
979 996
962 990
817 924
980 997
984 985
884 939
827 911
895 906
736 775
995 998
946 965
958 972
990 999
937 949
974 997
817 853
934 967
961 983
979 982
986 987
982 999
846 898
896 988
866 995
990 993
992 994
733 933
758 965
937 991
963 997
966 995
982 984
872 937
898 978
976 977
895 959
813 985
872 994
806 974
925 990
757 903
966 971
993 994
845 905
976 979
939 997
853 991
500 507
988 995
857 999
882 961
984 996
915 960
943 999
965 977
884 983
972 992
957 967
890 908
989 995
992 998
993 997
770 926
974 979
906 971
977 979
858 901
939 963
947 995
921 983
665 745
979 992
500 915
827 869
813 982
855 888
551 605
995 996
934 958
853 975
745 755
933 985
919 989
895 983
963 987
989 998
944 999
843 944
614 984
871 983
949 965
963 969
987 992
908 961
984 991
946 986
807 949
770 884
972 981
961 988
908 968
807 898
640 708
981 998
987 995
974 991
986 998
983 996
980 987
950 975
501 962
979 989
974 993
901 934
310 752
925 927
775 910
965 996
813 918
813 975
947 996
939 943
882 933
979 998
965 970
846 917
921 951
640 880
926 933
989 990
990 992
770 919
982 993
969 987
981 984
910 912
967 979
886 928
903 942
989 997
949 954
808 939
933 998
310 450
963 993
933 957
936 951
908 942
936 990
912 920
310 931
975 999
928 947
977 982
766 991
921 949
891 935
946 999
871 959
752 894
989 991
976 980
927 963
985 988
983 990
979 999
895 982
864 935
967 989
965 976
962 969
968 990
978 981
963 978
0 369
948 973
958 978
908 943
991 995
898 961
949 981
969 990
983 997
0 988
979 990
947 977
974 999
944 985
535 950
969 980
986 997
990 997
846 992
806 946
752 864
987 996
853 909
970 977
898 989
891 977
955 987
973 991
977 990
936 968
501 911
766 888
665 797
979 994
864 877
924 994
961 972
980 989
955 962
450 681
898 948
972 977
948 986
736 857
881 909
943 958
987 998
954 974
950 983
909 955
983 987
984 997
931 982
985 991
919 979
640 781
989 999
992 996
992 997
983 985
963 983
961 990
954 984
985 989
958 961
946 955
640 782
943 947
848 919
826 869
976 986
963 967
972 998
813 925
985 997
903 964
979 995
910 973
979 997
955 991
961 978
961 996
986 989
986 988
946 952
944 960
982 983
947 960
814 924
944 998
971 993
925 964
911 997
960 998
943 983
976 993
857 981
898 960
958 985
980 984
857 951
937 971
980 998
965 979
918 989
983 994
770 925
968 998
983 992
961 969
551 832
989 992
930 932
806 985
972 985
958 982
119 510
978 993
918 996
968 971
973 992
947 967
954 957
906 911
988 990
924 964
928 943
977 978
757 978
903 946
933 951
935 951
745 965
971 978
855 906
450 596
946 967
971 997
926 940
934 979
964 975
957 970
967 987
911 963
869 963
845 953
924 953
970 976
758 764
932 993
965 992
934 984
927 934
967 990
988 992
937 987
970 996
915 973
933 973
981 996
614 753
963 999
733 816
978 979
848 948
921 992
939 981
949 997
984 990
818 838
975 979
983 998
942 946
977 986
866 971
950 955
959 989
963 973
930 964
607 687
934 966
510 681
976 983
942 999
958 981
966 991
895 997
838 968
764 825
988 994
964 968
791 908
535 687
898 977
985 999
869 962
978 992
969 998
939 998
908 986
958 990
934 994
899 941
535 933
908 922
922 927
971 998
733 787
982 986
967 972
813 873
967 969
961 989
753 824
908 956
958 959
764 857
981 985
976 984
968 986
640 966
977 999
971 994
967 986
943 966
745 997
957 983
745 776
854 916
981 999
825 981
957 993
805 892
930 981
807 858
766 945
898 906
959 966
928 935
981 988
943 996
925 979
910 982
946 984
310 736
965 981
969 986
963 980
971 995
764 781
975 997
940 947
939 969
965 986
968 976
957 995
933 960
733 821
983 991
970 997
827 901
949 987
930 955
119 820
781 943
916 949
971 988
943 986
957 964
955 995
988 996
978 988
954 969
980 994
819 907
981 983
921 963
946 978
961 994
862 926
805 849
857 866
826 954
934 976
807 889
919 952
614 663
984 999
782 788
947 997
922 999
880 923
964 980
955 968
957 991
939 950
978 990
908 998
150 287
947 956
906 947
993 999
898 959
962 979
903 960
681 810
962 967
975 993
951 988
943 997
989 993
843 882
963 994
944 982
940 999
960 969
911 932
961 998
0 440
450 480
947 954
972 983
964 967
933 940
925 955
958 977
941 965
961 974
847 880
866 994
933 982
934 969
981 987
964 981
958 999
961 963
687 780
901 974
942 972
906 941
971 975
882 952
955 959
963 979
780 793
926 966
955 975
845 973
946 985
969 970
987 990
793 911
934 978
947 982
933 971
846 903
753 896
955 978
988 998
978 997
853 905
960 987
928 999
931 956
965 971
967 993
935 995
736 856
909 989
969 978
972 997
982 985
500 850
925 948
782 801
951 980
944 984
950 953
933 941
939 957
967 992
755 865
788 979
951 996
816 940
926 942
988 989
969 979
963 971
966 987
287 724
846 970
971 999
820 952
845 884
930 974
896 960
944 946
555 563
910 937
955 979
943 984
936 982
925 970
917 930
895 927
972 990
894 986
919 943
687 855
974 992
480 497
984 989
898 949
930 987
895 900
964 972
450 599
986 993
961 985
974 983
953 983
976 988
764 959
915 917
975 978
955 998
946 976
958 971
928 967
973 982
950 996
962 998
983 999
992 995
982 988
926 943
974 981
919 969
954 963
952 960
965 975
978 989
943 973
959 983
949 967
958 983
919 986
951 974
948 982
150 369
933 995
942 951
903 927
958 968
687 966
865 992
971 980
946 961
886 956
821 863
973 981
960 978
986 992
987 997
950 995
962 984
949 991
942 964
967 995
849 906
961 966
988 999
981 995
989 996
369 584
497 837
535 770
985 990
981 994
912 995
880 986
755 918
983 993
955 999
911 919
927 988
975 991
971 989
982 997
955 982
507 990
982 996
919 929
966 999
733 924
905 915
865 989
974 978
954 986
948 963
745 906
911 991
951 981
819 867
948 992
932 973
968 980
857 988
908 954
963 970
961 987
984 988
978 980
824 886
906 973
898 945
758 908
940 969
963 965
983 995
968 975
962 995
873 885
943 968
950 965
755 902
973 999
961 991
782 823
951 964
941 964
810 812
888 952
0 55
982 992
923 974
922 933
927 984
877 964
974 976
849 930
968 989
770 835
905 933
947 974
915 929
900 950
500 937
927 996
974 987
973 988
943 963
963 981
969 971
906 937
826 854
781 981
150 310
919 922
843 988
955 977
969 984
911 990
968 977
963 966
